410.000 8.578
420.000 9.478
430.000 8.159
440.000 12.704
450.000 27.262
460.000 29.834
470.000 41.392
480.000 52.426
490.000 39.034
500.000 30.497
510.000 32.761
520.000 17.924
530.000 18.562
540.000 15.283
550.000 13.757
560.000 15.400
570.000 10.289
580.000 9.972
590.000 8.538
600.000 9.082
610.000 8.753
620.000 9.057
630.000 8.442
640.000 9.541
650.000 10.424
660.000 11.419
670.000 12.305
680.000 14.856
690.000 17.807
700.000 23.499
710.000 25.419
720.000 19.952
730.000 15.026
740.000 10.737
750.000 8.059
760.000 6.350
770.000 5.952
780.000 5.109
790.000 4.005
800.000 3.645
810.000 3.804
820.000 3.227
830.000 3.523
840.000 3.257
850.000 3.245
860.000 3.595
870.000 3.777
880.000 3.898
890.000 3.399
900.000 4.026
910.000 5.606
920.000 7.028
930.000 7.525
940.000 6.546
950.000 4.545
960.000 3.360
970.000 2.849
980.000 2.544
990.000 3.760
1000.000 1.817
1010.000 1.886
1020.000 1.301
1030.000 1.728
1040.000 1.304
1050.000 1.564
1060.000 1.532
1070.000 1.193
1080.000 1.304
1090.000 2.177
1100.000 1.534
1110.000 1.793
1120.000 2.039
1130.000 2.602
1140.000 3.615
1150.000 5.167
1160.000 6.145
1170.000 5.778
1180.000 4.661
1190.000 3.452
1200.000 2.532
1210.000 2.526
1220.000 2.179
1230.000 1.970
1240.000 1.989
1250.000 1.950
1260.000 1.849
1270.000 1.941
1280.000 2.065
1290.000 2.217
1300.000 2.386
1310.000 2.563
1320.000 2.982
1330.000 3.712
1340.000 4.164
1350.000 5.825
1360.000 6.876
1370.000 10.324
1380.000 13.405
1390.000 12.253
1400.000 7.072
1410.000 5.863
1420.000 4.570
1430.000 4.182
1440.000 3.623
1450.000 3.180
1460.000 3.196
1470.000 3.011
1480.000 3.055
1490.000 3.011
1500.000 3.162
1510.000 3.253
1520.000 3.461
1530.000 3.719
1540.000 4.307
1550.000 4.634
1560.000 5.457
1570.000 7.041
1580.000 8.710
1590.000 12.586
1600.000 15.705
1610.000 14.795
1620.000 9.757
1630.000 6.893
1640.000 5.678
1650.000 4.818
1660.000 4.229
1670.000 3.562
1680.000 3.438
1690.000 3.078
1700.000 3.151
1710.000 3.219
1720.000 3.619
1730.000 3.774
1740.000 4.454
1750.000 4.902
1760.000 5.645
1770.000 7.350
1780.000 8.207
1790.000 11.104
1800.000 13.294
1810.000 19.469
1820.000 26.170
1830.000 25.988
1840.000 17.797
1850.000 12.744
1860.000 11.241
1870.000 9.443
1880.000 8.051
1890.000 7.757
1900.000 7.532
1910.000 7.277
1920.000 7.253
1930.000 7.499
1940.000 7.718
1950.000 8.096
1960.000 8.986
1970.000 10.506
1980.000 11.489
1990.000 14.780
2000.000 19.729
2010.000 22.788
2020.000 26.090
2030.000 24.103
2040.000 16.589
2050.000 13.793
2060.000 10.417
2070.000 8.398
2080.000 7.658
2090.000 6.614
2100.000 5.907
2110.000 5.740
2120.000 5.334
2130.000 5.255
2140.000 5.293
2150.000 5.263
2160.000 5.339
2170.000 5.604
2180.000 5.811
2190.000 6.585
2200.000 7.735
2210.000 8.551
2220.000 10.968
2230.000 12.756
2240.000 17.207
2250.000 19.200
2260.000 17.824
2270.000 12.550
2280.000 10.833
2290.000 8.689
2300.000 8.174
2310.000 7.576
2320.000 7.669
2330.000 8.016
2340.000 9.612
2350.000 12.115
2360.000 12.764
2370.000 8.396
2380.000 5.514
2390.000 3.164
2400.000 2.474
2410.000 1.681
2420.000 1.241
2430.000 1.039
2440.000 0.786
2450.000 0.693
2460.000 0.560
2470.000 0.469
2480.000 0.474
2490.000 0.385
2500.000 0.316
2510.000 0.311
2520.000 0.259
2530.000 0.253
2540.000 0.244
2550.000 0.144
2560.000 0.191
2570.000 0.153
2580.000 0.136
2590.000 0.162
2600.000 0.121
2610.000 0.101
2620.000 0.057
2630.000 0.103
2640.000 0.121
2650.000 0.109
2660.000 0.098
2670.000 0.064
2680.000 0.118
2690.000 0.119
2700.000 0.073
2710.000 0.077
2720.000 0.055
2730.000 0.115
2740.000 0.088
2750.000 0.083
2760.000 0.063
2770.000 0.102
2780.000 0.123
2790.000 0.108
2800.000 0.058
2810.000 0.101
2820.000 0.105
2830.000 0.129
2840.000 0.148
2850.000 0.106
2860.000 0.127
2870.000 0.159
2880.000 0.194
2890.000 0.243
2900.000 0.258
2910.000 0.318
2920.000 0.505
2930.000 0.648
2940.000 1.043
2950.000 1.470
2960.000 1.253
2970.000 0.710
2980.000 0.583
2990.000 0.424
3000.000 0.375
3010.000 0.363
3020.000 0.319
3030.000 0.311
3040.000 0.285
3050.000 0.311
3060.000 0.302
3070.000 0.242
3080.000 0.263
3090.000 0.241
3100.000 0.252
3110.000 0.262
3120.000 0.293
3130.000 0.264
3140.000 0.246
3150.000 0.281
3160.000 0.279
3170.000 0.308
3180.000 0.330
3190.000 0.278
3200.000 0.415
3210.000 0.383
3220.000 0.426
3230.000 0.483
3240.000 0.556
3250.000 0.572
3260.000 0.666
3270.000 0.763
3280.000 0.850
3290.000 1.062
3300.000 1.170
3310.000 1.528
3320.000 1.753
3330.000 2.503
3340.000 2.822
3350.000 4.454
3360.000 7.205
3370.000 12.900
3380.000 17.395
3390.000 27.208
3400.000 28.746
3410.000 27.112
3420.000 28.240
3430.000 31.927
3440.000 27.135
3450.000 20.417
3460.000 11.945
3470.000 8.264
3480.000 7.107
3490.000 5.670
3500.000 5.187
3510.000 4.452
3520.000 4.098
3530.000 3.953
3540.000 3.793
3550.000 3.818
3560.000 3.771
3570.000 3.913
3580.000 4.030
3590.000 4.412
3600.000 4.661
3610.000 5.315
3620.000 6.476
3630.000 7.180
3640.000 9.646
3650.000 11.363
3660.000 16.286
3670.000 21.396
3680.000 21.300
3690.000 15.756
3700.000 13.486
3710.000 10.756
3720.000 9.570
3730.000 9.181
3740.000 9.109
3750.000 9.504
3760.000 10.249
3770.000 11.078
3780.000 13.782
3790.000 18.760
3800.000 21.882
3810.000 23.573
3820.000 19.140
3830.000 11.140
3840.000 7.699
3850.000 6.679
3860.000 5.273
3870.000 4.808
3880.000 4.188
3890.000 3.888
3900.000 3.595
3910.000 3.355
3920.000 3.271
3930.000 3.212
3940.000 3.298
3950.000 3.357
3960.000 3.594
3970.000 3.773
3980.000 4.168
3990.000 4.475
4000.000 5.281
4010.000 6.741
4020.000 7.756
4030.000 10.763
4040.000 12.524
4050.000 14.244
4060.000 10.611
4070.000 8.841
4080.000 6.583
4090.000 5.842
4100.000 4.948
4110.000 4.444
4120.000 4.310
4130.000 4.212
4140.000 4.129
4150.000 4.287
4160.000 4.599
4170.000 4.860
4180.000 5.752
4190.000 6.416
4200.000 8.482
4210.000 11.923
4220.000 13.867
4230.000 13.890
4240.000 8.229
4250.000 6.589
4260.000 4.684
4270.000 3.667
4280.000 3.314
4290.000 2.851
4300.000 2.740
4310.000 2.535
4320.000 2.544
4330.000 2.463
4340.000 2.459
4350.000 2.611
4360.000 2.787
4370.000 3.221
4380.000 3.415
4390.000 3.748
4400.000 4.792
4410.000 6.421
4420.000 7.535
4430.000 8.647
4440.000 6.417
4450.000 5.200
4460.000 3.634
4470.000 3.240
4480.000 2.728
4490.000 2.488
4500.000 2.211
4510.000 2.177
4520.000 2.061
4530.000 2.044
4540.000 2.039
4550.000 2.210
4560.000 2.411
4570.000 2.588
4580.000 3.024
4590.000 3.753
4600.000 4.354
4610.000 6.097
4620.000 7.413
4630.000 10.196
4640.000 10.550
4650.000 7.374
4660.000 6.026
4670.000 4.502
4680.000 3.695
4690.000 3.469
4700.000 3.140
4710.000 3.033
4720.000 2.877
4730.000 2.944
4740.000 2.978
4750.000 3.358
4760.000 3.614
4770.000 4.470
4780.000 5.459
4790.000 5.513
4800.000 4.039
4810.000 3.140
4820.000 2.246
4830.000 1.756
4840.000 1.549
4850.000 1.500
4860.000 1.341
4870.000 1.426
4880.000 1.415
4890.000 1.489
4900.000 1.542
4910.000 1.620
4920.000 1.861
4930.000 2.174
4940.000 2.737
4950.000 3.162
4960.000 4.350
4970.000 5.289
4980.000 7.970
4990.000 9.717
5000.000 11.116
5010.000 9.898
5020.000 7.557
5030.000 6.734
5040.000 6.840
5050.000 7.175
5060.000 8.009
5070.000 7.950
5080.000 5.667
5090.000 4.176
5100.000 2.421
5110.000 1.542
5120.000 1.315
5130.000 0.905
5140.000 0.798
5150.000 0.604
5160.000 0.448
5170.000 0.383
5180.000 0.328
5190.000 0.283
5200.000 0.230
5210.000 0.225
5220.000 0.217
5230.000 0.168
5240.000 0.177
5250.000 0.150
5260.000 0.141
5270.000 0.110
5280.000 0.138
5290.000 0.112
5300.000 0.117
5310.000 0.117
5320.000 0.153
5330.000 0.175
5340.000 0.197
5350.000 0.260
5360.000 0.316
5370.000 0.257
5380.000 0.170
5390.000 0.171
5400.000 0.154
5410.000 0.123
5420.000 0.116
5430.000 0.107
5440.000 0.090
5450.000 0.080
5460.000 0.084
5470.000 0.091
5480.000 0.089
5490.000 0.082
5500.000 0.100
5510.000 0.080
5520.000 0.101
5530.000 0.085
5540.000 0.072
5550.000 0.069
5560.000 0.073
5570.000 0.085
5580.000 0.070
5590.000 0.072
5600.000 0.080
5610.000 0.062
5620.000 0.069
5630.000 0.050
5640.000 0.058
5650.000 0.043
5660.000 0.077
5670.000 0.053
5680.000 0.074
5690.000 0.083
5700.000 0.077
5710.000 0.079
5720.000 0.068
5730.000 0.086
5740.000 0.087
5750.000 0.055
5760.000 0.067
5770.000 0.065
5780.000 0.042
5790.000 0.072
5800.000 0.062
5810.000 0.051
5820.000 0.097
5830.000 0.045
5840.000 0.079
5850.000 0.084
5860.000 0.071
5870.000 0.070
5880.000 0.096
5890.000 0.079
5900.000 0.076
5910.000 0.046
5920.000 0.067
5930.000 0.072
5940.000 0.055
5950.000 0.090
5960.000 0.082
5970.000 0.073
5980.000 0.065
5990.000 0.071
6000.000 0.063
