410.000 6.797
420.000 18.195
430.000 18.195
440.000 22.558
450.000 31.770
460.000 38.615
470.000 56.841
480.000 62.799
490.000 53.029
500.000 33.670
510.000 26.729
520.000 20.292
530.000 18.240
540.000 13.485
550.000 12.499
560.000 11.506
570.000 9.872
580.000 9.754
590.000 9.411
600.000 9.350
610.000 8.553
620.000 8.907
630.000 9.056
640.000 9.936
650.000 10.938
660.000 11.557
670.000 14.693
680.000 17.946
690.000 24.337
700.000 32.324
710.000 27.496
720.000 13.755
730.000 11.517
740.000 7.992
750.000 6.173
760.000 5.811
770.000 4.820
780.000 4.339
790.000 3.402
800.000 3.274
810.000 3.041
820.000 2.927
830.000 3.332
840.000 2.997
850.000 3.051
860.000 3.034
870.000 3.346
880.000 3.327
890.000 3.335
900.000 4.304
910.000 5.561
920.000 7.006
930.000 7.627
940.000 6.626
950.000 3.685
960.000 3.410
970.000 1.661
980.000 2.730
990.000 1.731
1000.000 1.487
1010.000 1.339
1020.000 1.174
1030.000 0.973
1040.000 1.124
1050.000 1.022
1060.000 1.026
1070.000 1.139
1080.000 1.196
1090.000 1.294
1100.000 1.568
1110.000 1.693
1120.000 1.960
1130.000 2.489
1140.000 3.764
1150.000 6.135
1160.000 6.652
1170.000 4.981
1180.000 3.613
1190.000 2.723
1200.000 2.542
1210.000 1.990
1220.000 1.702
1230.000 1.759
1240.000 1.616
1250.000 1.770
1260.000 1.658
1270.000 1.776
1280.000 1.900
1290.000 2.200
1300.000 3.287
1310.000 2.265
1320.000 2.672
1330.000 2.736
1340.000 3.490
1350.000 4.135
1360.000 5.677
1370.000 8.799
1380.000 10.621
1390.000 12.028
1400.000 9.683
1410.000 5.908
1420.000 4.407
1430.000 4.038
1440.000 3.371
1450.000 3.189
1460.000 2.899
1470.000 2.700
1480.000 2.672
1490.000 2.621
1500.000 2.729
1510.000 2.711
1520.000 2.990
1530.000 3.136
1540.000 3.445
1550.000 3.840
1560.000 4.438
1570.000 5.843
1580.000 6.685
1590.000 9.584
1600.000 11.389
1610.000 15.627
1620.000 13.305
1630.000 9.968
1640.000 6.726
1650.000 5.723
1660.000 4.468
1670.000 3.732
1680.000 3.395
1690.000 3.049
1700.000 2.977
1710.000 3.026
1720.000 3.291
1730.000 3.487
1740.000 4.037
1750.000 4.392
1760.000 5.114
1770.000 6.303
1780.000 6.986
1790.000 9.059
1800.000 10.414
1810.000 14.821
1820.000 21.963
1830.000 25.304
1840.000 22.992
1850.000 17.972
1860.000 12.400
1870.000 9.602
1880.000 8.772
1890.000 7.541
1900.000 7.100
1910.000 6.652
1920.000 6.459
1930.000 6.288
1940.000 6.332
1950.000 6.408
1960.000 6.796
1970.000 7.158
1980.000 7.538
1990.000 8.617
2000.000 9.268
2010.000 11.269
2020.000 14.496
2030.000 16.749
2040.000 22.966
2050.000 26.060
2060.000 26.237
2070.000 17.983
2080.000 15.056
2090.000 11.515
2100.000 10.239
2110.000 8.535
2120.000 7.475
2130.000 7.164
2140.000 6.612
2150.000 6.526
2160.000 6.271
2170.000 6.415
2180.000 6.602
2190.000 6.967
2200.000 7.424
2210.000 8.449
2220.000 10.433
2230.000 11.849
2240.000 15.976
2250.000 18.535
2260.000 20.320
2270.000 13.715
2280.000 10.995
2290.000 7.807
2300.000 6.830
2310.000 5.509
2320.000 4.750
2330.000 4.451
2340.000 4.177
2350.000 4.043
2360.000 4.035
2370.000 4.056
2380.000 4.429
2390.000 5.166
2400.000 5.726
2410.000 7.747
2420.000 9.087
2430.000 10.215
2440.000 5.314
2450.000 3.959
2460.000 2.507
2470.000 2.072
2480.000 1.475
2490.000 1.187
2500.000 1.033
2510.000 0.838
2520.000 0.741
2530.000 0.642
2540.000 0.544
2550.000 0.495
2560.000 0.474
2570.000 0.464
2580.000 0.385
2590.000 0.403
2600.000 0.353
2610.000 0.320
2620.000 0.290
2630.000 0.333
2640.000 0.299
2650.000 0.280
2660.000 0.340
2670.000 0.313
2680.000 0.318
2690.000 0.405
2700.000 0.361
2710.000 0.405
2720.000 0.411
2730.000 0.568
2740.000 0.641
2750.000 0.733
2760.000 0.879
2770.000 0.952
2780.000 0.832
2790.000 0.627
2800.000 0.553
2810.000 0.429
2820.000 0.378
2830.000 0.277
2840.000 0.334
2850.000 0.291
2860.000 0.253
2870.000 0.173
2880.000 0.204
2890.000 0.195
2900.000 0.204
2910.000 0.195
2920.000 0.186
2930.000 0.159
2940.000 0.172
2950.000 0.124
2960.000 0.177
2970.000 0.155
2980.000 0.147
2990.000 0.175
3000.000 0.148
3010.000 0.141
3020.000 0.122
3030.000 0.131
3040.000 0.160
3050.000 0.152
3060.000 0.131
3070.000 0.134
3080.000 0.134
3090.000 0.151
3100.000 0.139
3110.000 0.169
3120.000 0.179
3130.000 0.145
3140.000 0.208
3150.000 0.178
3160.000 0.232
3170.000 0.238
3180.000 0.187
3190.000 0.256
3200.000 0.212
3210.000 0.271
3220.000 0.329
3230.000 0.348
3240.000 0.360
3250.000 0.416
3260.000 0.501
3270.000 0.490
3280.000 0.688
3290.000 0.864
3300.000 0.985
3310.000 1.517
3320.000 1.769
3330.000 2.865
3340.000 4.744
3350.000 5.964
3360.000 6.285
3370.000 5.156
3380.000 4.033
3390.000 3.678
3400.000 3.626
3410.000 3.787
3420.000 3.992
3430.000 4.659
3440.000 6.038
3450.000 7.111
3460.000 10.535
3470.000 12.570
3480.000 13.052
3490.000 7.905
3500.000 6.551
3510.000 4.982
3520.000 4.501
3530.000 3.955
3540.000 3.642
3550.000 3.604
3560.000 3.527
3570.000 3.633
3580.000 3.849
3590.000 4.089
3600.000 4.673
3610.000 5.698
3620.000 6.556
3630.000 9.007
3640.000 10.664
3650.000 13.818
3660.000 11.484
3670.000 9.003
3680.000 6.175
3690.000 5.413
3700.000 4.373
3710.000 3.745
3720.000 3.569
3730.000 3.298
3740.000 3.294
3750.000 3.217
3760.000 3.285
3770.000 3.386
3780.000 3.674
3790.000 3.916
3800.000 4.624
3810.000 5.770
3820.000 6.653
3830.000 9.433
3840.000 11.478
3850.000 15.031
3860.000 11.086
3870.000 8.503
3880.000 5.821
3890.000 5.096
3900.000 4.118
3910.000 3.534
3920.000 3.390
3930.000 3.079
3940.000 3.076
3950.000 2.975
3960.000 3.039
3970.000 3.134
3980.000 3.268
3990.000 3.482
4000.000 3.933
4010.000 4.724
4020.000 5.304
4030.000 6.976
4040.000 8.259
4050.000 11.312
4060.000 11.428
4070.000 9.485
4080.000 6.189
4090.000 5.319
4100.000 4.123
4110.000 3.492
4120.000 3.251
4130.000 2.927
4140.000 2.834
4150.000 2.698
4160.000 2.681
4170.000 2.777
4180.000 2.858
4190.000 2.984
4200.000 3.426
4210.000 4.011
4220.000 4.390
4230.000 5.698
4240.000 6.669
4250.000 9.335
4260.000 11.144
4270.000 9.954
4280.000 6.070
4290.000 5.038
4300.000 3.744
4310.000 3.100
4320.000 2.870
4330.000 2.553
4340.000 2.519
4350.000 2.355
4360.000 2.341
4370.000 2.312
4380.000 2.447
4390.000 2.531
4400.000 2.800
4410.000 3.209
4420.000 3.532
4430.000 4.470
4440.000 5.127
4450.000 7.172
4460.000 9.318
4470.000 9.440
4480.000 6.711
4490.000 5.548
4500.000 4.127
4510.000 3.333
4520.000 3.094
4530.000 2.771
4540.000 2.702
4550.000 2.627
4560.000 2.625
4570.000 2.693
4580.000 2.860
4590.000 3.048
4600.000 3.487
4610.000 4.225
4620.000 4.736
4630.000 6.509
4640.000 7.732
4650.000 11.065
4660.000 12.134
4670.000 10.282
4680.000 6.628
4690.000 5.664
4700.000 4.377
4710.000 3.590
4720.000 3.355
4730.000 2.987
4740.000 2.863
4750.000 2.703
4760.000 2.695
4770.000 2.730
4780.000 2.955
4790.000 3.196
4800.000 3.914
4810.000 4.474
4820.000 6.263
4830.000 8.532
4840.000 9.115
4850.000 7.522
4860.000 6.450
4870.000 5.160
4880.000 4.591
4890.000 4.419
4900.000 4.369
4910.000 4.428
4920.000 4.740
4930.000 5.364
4940.000 5.758
4950.000 7.203
4960.000 8.250
4970.000 11.298
4980.000 16.207
4990.000 18.851
5000.000 19.890
5010.000 17.348
5020.000 12.901
5030.000 10.704
5040.000 10.110
5050.000 9.616
5060.000 9.635
5070.000 10.250
5080.000 11.665
5090.000 12.825
5100.000 15.758
5110.000 17.209
5120.000 17.537
5130.000 13.740
5140.000 11.970
5150.000 9.831
5160.000 9.266
5170.000 8.669
5180.000 7.269
5190.000 5.875
5200.000 2.956
5210.000 2.191
5220.000 1.254
5230.000 0.722
5240.000 0.656
5250.000 0.432
5260.000 0.412
5270.000 0.238
5280.000 0.205
5290.000 0.163
5300.000 0.163
5310.000 0.118
5320.000 0.154
5330.000 0.117
5340.000 0.064
5350.000 0.057
5360.000 0.083
5370.000 0.113
5380.000 0.103
5390.000 0.098
5400.000 0.092
5410.000 0.098
5420.000 0.085
5430.000 0.090
5440.000 0.138
5450.000 0.102
5460.000 0.081
5470.000 0.072
5480.000 0.065
5490.000 0.078
5500.000 0.067
5510.000 0.079
5520.000 0.070
5530.000 0.081
5540.000 0.074
5550.000 0.087
5560.000 0.083
5570.000 0.053
5580.000 0.054
5590.000 0.060
5600.000 0.069
5610.000 0.052
5620.000 0.089
5630.000 0.043
5640.000 0.060
5650.000 0.060
5660.000 0.060
5670.000 0.057
5680.000 0.069
5690.000 0.076
5700.000 0.096
5710.000 0.098
5720.000 0.058
5730.000 0.073
5740.000 0.090
5750.000 0.070
5760.000 0.035
5770.000 0.062
5780.000 0.087
5790.000 0.078
5800.000 0.080
5810.000 0.046
5820.000 0.111
5830.000 0.251
5840.000 0.055
5850.000 0.064
5860.000 0.075
5870.000 0.049
5880.000 0.039
5890.000 0.054
5900.000 0.086
5910.000 0.065
5920.000 0.041
5930.000 0.062
5940.000 0.102
5950.000 0.055
5960.000 0.058
5970.000 0.063
5980.000 0.039
5990.000 0.044
6000.000 0.048
