110.000 5.432
120.000 6.488
130.000 5.940
140.000 6.754
150.000 4.557
160.000 8.511
170.000 7.850
180.000 15.588
190.000 11.630
200.000 6.314
210.000 8.617
220.000 7.564
230.000 5.950
240.000 4.672
250.000 7.976
260.000 6.760
270.000 10.246
280.000 7.118
290.000 8.636
300.000 6.601
310.000 5.968
320.000 6.166
330.000 6.657
340.000 6.791
350.000 7.448
360.000 8.628
370.000 7.665
380.000 9.573
390.000 10.786
400.000 11.272
410.000 9.421
420.000 14.100
430.000 12.441
440.000 13.258
450.000 16.741
460.000 20.855
470.000 17.514
480.000 19.818
490.000 19.557
500.000 19.581
510.000 18.633
520.000 17.440
530.000 16.743
540.000 15.141
550.000 13.840
560.000 13.363
570.000 11.976
580.000 11.955
590.000 10.650
600.000 10.350
610.000 9.604
620.000 9.260
630.000 8.967
640.000 8.448
650.000 7.487
660.000 7.303
670.000 6.606
680.000 6.709
690.000 6.072
700.000 5.678
710.000 5.589
720.000 4.604
730.000 4.785
740.000 4.709
750.000 4.349
760.000 4.242
770.000 4.213
780.000 3.613
790.000 3.822
800.000 3.579
810.000 3.324
820.000 3.461
830.000 2.894
840.000 3.072
850.000 2.651
860.000 2.655
870.000 2.272
880.000 2.164
890.000 1.807
900.000 1.806
910.000 1.839
920.000 1.547
930.000 1.338
940.000 1.187
950.000 1.323
960.000 1.287
970.000 1.242
980.000 1.219
990.000 1.082
1000.000 0.992
1010.000 0.996
1020.000 1.193
1030.000 1.016
1040.000 0.970
1050.000 0.953
1060.000 0.865
1070.000 0.822
1080.000 0.851
1090.000 0.972
1100.000 0.825
1110.000 0.841
1120.000 0.815
1130.000 0.938
1140.000 1.072
1150.000 0.983
1160.000 1.118
1170.000 1.070
1180.000 1.040
1190.000 1.139
1200.000 1.238
1210.000 1.277
1220.000 1.328
1230.000 1.460
1240.000 1.473
1250.000 1.476
1260.000 1.481
1270.000 1.592
1280.000 1.614
1290.000 1.708
1300.000 1.736
1310.000 1.797
1320.000 1.813
1330.000 1.948
1340.000 1.891
1350.000 2.063
1360.000 2.070
1370.000 2.161
1380.000 2.205
1390.000 2.272
1400.000 2.373
1410.000 2.412
1420.000 2.565
1430.000 2.535
1440.000 2.648
1450.000 2.630
1460.000 2.786
1470.000 2.859
1480.000 2.899
1490.000 2.959
1500.000 3.108
1510.000 3.136
1520.000 3.229
1530.000 3.299
1540.000 3.423
1550.000 3.448
1560.000 3.651
1570.000 3.680
1580.000 3.896
1590.000 3.753
1600.000 3.870
1610.000 3.968
1620.000 3.987
1630.000 4.148
1640.000 4.059
1650.000 4.098
1660.000 4.142
1670.000 3.944
1680.000 3.924
1690.000 3.890
1700.000 3.946
1710.000 3.967
1720.000 4.321
1730.000 4.551
1740.000 5.309
1750.000 5.949
1760.000 6.409
1770.000 7.046
1780.000 7.633
1790.000 7.933
1800.000 8.446
1810.000 8.758
1820.000 9.225
1830.000 9.696
1840.000 9.950
1850.000 10.268
1860.000 10.760
1870.000 11.306
1880.000 11.864
1890.000 12.170
1900.000 12.508
1910.000 12.975
1920.000 13.342
1930.000 13.954
1940.000 14.374
1950.000 14.884
1960.000 15.410
1970.000 15.998
1980.000 16.280
1990.000 16.805
2000.000 17.190
2010.000 18.020
2020.000 18.460
2030.000 18.751
2040.000 19.346
2050.000 20.013
2060.000 20.232
2070.000 21.172
2080.000 21.278
2090.000 21.964
2100.000 22.554
2110.000 22.930
2120.000 23.792
2130.000 24.568
2140.000 24.732
2150.000 25.697
2160.000 26.255
2170.000 27.383
2180.000 27.619
2190.000 28.952
2200.000 29.664
2210.000 30.989
2220.000 32.630
2230.000 33.231
2240.000 35.065
2250.000 37.021
2260.000 38.463
2270.000 41.415
2280.000 42.578
2290.000 45.693
2300.000 47.333
2310.000 51.541
2320.000 55.574
2330.000 57.911
2340.000 62.209
2350.000 66.193
2360.000 67.599
2370.000 69.580
2380.000 69.433
2390.000 67.672
2400.000 66.040
2410.000 61.010
2420.000 55.600
2430.000 53.101
2440.000 47.483
2450.000 45.055
2460.000 40.555
2470.000 36.454
2480.000 34.712
2490.000 31.199
2500.000 29.817
2510.000 27.253
2530.000 24.425
2540.000 22.623
2550.000 20.986
2560.000 20.269
2570.000 18.972
2590.000 16.955
2600.000 16.040
2610.000 15.618
2620.000 14.743
2630.000 14.188
2640.000 13.578
2650.000 12.912
2660.000 12.520
2670.000 11.919
2680.000 11.582
2690.000 11.093
2700.000 10.604
2710.000 10.399
2720.000 9.976
2730.000 9.782
2740.000 9.396
2750.000 9.077
2760.000 8.818
2770.000 8.546
2780.000 8.416
2790.000 8.106
2800.000 7.835
2810.000 7.692
2820.000 7.414
2830.000 7.328
2840.000 7.114
2850.000 6.910
2860.000 6.859
2870.000 6.642
2880.000 6.530
2890.000 6.352
2900.000 6.175
2910.000 6.117
2920.000 5.964
2930.000 5.944
2940.000 5.715
2950.000 5.643
2960.000 5.516
2970.000 5.354
2980.000 5.304
2990.000 5.239
3000.000 5.136
3010.000 5.044
3020.000 4.922
3030.000 4.903
3040.000 4.737
3050.000 4.767
3060.000 4.642
3070.000 4.519
3080.000 4.488
3090.000 4.497
3100.000 4.417
3110.000 4.380
3120.000 4.284
3130.000 4.244
3140.000 4.195
3150.000 4.149
3160.000 4.091
3170.000 4.048
3180.000 3.998
3190.000 3.929
3200.000 3.896
3210.000 3.870
3220.000 3.806
3230.000 3.789
3240.000 3.748
3250.000 3.692
3260.000 3.657
3270.000 3.674
3280.000 3.629
3290.000 3.577
3300.000 3.558
3310.000 3.484
3320.000 3.474
3330.000 3.518
3340.000 3.432
3350.000 3.417
3360.000 3.403
3370.000 3.419
3380.000 3.339
3390.000 3.291
3400.000 3.299
3410.000 3.323
3420.000 3.280
3430.000 3.240
3440.000 3.250
3450.000 3.230
3460.000 3.213
3470.000 3.173
3480.000 3.202
3490.000 3.154
3500.000 3.194
3510.000 3.133
3520.000 3.164
3530.000 3.132
3540.000 3.128
3550.000 3.114
3560.000 3.136
3570.000 3.102
3580.000 3.100
3590.000 3.084
3600.000 3.094
3610.000 3.062
3620.000 3.134
3630.000 3.087
3640.000 3.032
3650.000 3.091
3660.000 3.035
3670.000 3.045
3680.000 3.088
3690.000 3.038
3700.000 3.094
3710.000 3.081
3720.000 3.135
3730.000 3.062
3740.000 3.055
3750.000 3.078
3760.000 3.087
3770.000 3.095
3780.000 3.068
3790.000 3.091
3800.000 3.088
3810.000 3.108
3820.000 3.095
3830.000 3.097
3840.000 3.089
3850.000 3.124
3860.000 3.143
3870.000 3.170
3880.000 3.159
3890.000 3.152
3900.000 3.168
3910.000 3.160
3920.000 3.233
3930.000 3.241
3940.000 3.284
3950.000 3.272
3960.000 3.265
3970.000 3.323
3980.000 3.310
3990.000 3.379
4000.000 3.375
4010.000 3.406
4020.000 3.450
4030.000 3.470
4040.000 3.495
4050.000 3.521
4060.000 3.600
4070.000 3.572
4080.000 3.628
4090.000 3.680
4100.000 3.686
4110.000 3.783
4120.000 3.838
4130.000 3.873
4140.000 3.872
4150.000 3.926
4160.000 4.049
4170.000 4.119
4180.000 4.177
4190.000 4.250
4200.000 4.279
4210.000 4.283
4220.000 4.364
4230.000 4.442
4240.000 4.490
4250.000 4.479
4260.000 4.444
4270.000 4.480
4280.000 4.515
4290.000 4.554
4300.000 4.610
4310.000 4.831
4320.000 4.982
4330.000 5.125
4340.000 5.327
4350.000 5.502
4360.000 5.655
4370.000 5.846
4380.000 6.191
4390.000 6.521
4400.000 6.904
4410.000 7.116
4420.000 7.353
4430.000 7.843
4440.000 8.469
4450.000 9.129
4460.000 9.602
4470.000 10.005
4480.000 11.059
4490.000 12.280
4500.000 13.027
4510.000 14.838
4520.000 15.845
4530.000 18.357
4540.000 21.820
4550.000 24.069
4560.000 29.735
4570.000 37.676
4580.000 42.696
4590.000 53.793
4600.000 61.658
4610.000 61.581
4620.000 57.997
4630.000 47.114
4640.000 37.781
4650.000 34.181
4670.000 24.909
4690.000 19.877
4700.000 17.365
4710.000 16.278
4720.000 14.248
4730.000 13.302
4740.000 11.636
4750.000 10.230
4760.000 9.602
4770.000 8.498
4780.000 8.057
4790.000 7.348
4800.000 7.013
4810.000 6.637
4820.000 6.425
4830.000 6.321
4840.000 6.368
4850.000 6.398
4860.000 6.525
4870.000 6.722
4880.000 7.029
4890.000 7.195
4900.000 7.524
4910.000 7.671
4920.000 8.041
4930.000 8.210
4940.000 8.618
4950.000 8.994
4960.000 9.216
4970.000 9.643
4980.000 10.047
4990.000 10.196
5000.000 10.666
5010.000 10.791
5020.000 11.120
5030.000 11.251
5040.000 11.475
5050.000 11.715
5060.000 11.831
5070.000 11.950
5080.000 12.004
5090.000 12.034
5100.000 12.111
5110.000 12.016
5120.000 11.933
5130.000 11.883
5140.000 11.677
5150.000 11.601
5160.000 11.341
5170.000 11.069
5180.000 10.901
5190.000 10.604
5200.000 10.471
5220.000 9.939
5230.000 9.594
5240.000 9.472
5250.000 9.151
5260.000 8.994
5270.000 8.730
5280.000 8.489
5290.000 8.363
5300.000 8.135
5310.000 8.015
5320.000 7.852
5330.000 7.681
5340.000 7.616
5350.000 7.461
5360.000 7.359
5370.000 7.212
5380.000 7.056
5390.000 7.026
5400.000 6.863
5410.000 6.794
5420.000 6.624
5430.000 6.514
5440.000 6.471
5450.000 6.319
5460.000 6.261
5470.000 6.172
5480.000 6.048
5490.000 5.993
5500.000 5.877
5510.000 5.858
5520.000 5.759
5530.000 5.622
5540.000 5.615
5550.000 5.539
5560.000 5.483
5570.000 5.397
5580.000 5.344
5590.000 5.294
5600.000 5.172
5610.000 5.163
5620.000 5.074
5630.000 5.046
5640.000 5.036
5650.000 4.959
5660.000 4.892
5670.000 4.917
5680.000 4.855
5690.000 4.810
5700.000 4.759
5710.000 4.712
5720.000 4.730
5730.000 4.696
5740.000 4.667
5750.000 4.636
5760.000 4.606
5770.000 4.575
5780.000 4.529
5790.000 4.516
5800.000 4.487
5810.000 4.484
5820.000 4.456
5830.000 4.421
5840.000 4.386
5850.000 4.430
5860.000 4.349
5870.000 4.401
5880.000 4.385
5890.000 4.391
5900.000 4.406
5910.000 4.403
5920.000 4.386
5930.000 4.411
5940.000 4.401
5950.000 4.333
5960.000 4.366
5970.000 4.322
5980.000 4.296
5990.000 4.315
6000.000 4.258
6010.000 4.251
6020.000 4.279
6030.000 4.263
6040.000 4.242
6050.000 4.285
6060.000 4.313
6070.000 4.352
6080.000 4.302
6090.000 4.377
6100.000 4.413
6110.000 4.448
6120.000 4.445
6130.000 4.470
6140.000 4.507
6150.000 4.550
6160.000 4.571
6170.000 4.647
6180.000 4.657
6190.000 4.717
6200.000 4.738
6210.000 4.838
6220.000 4.829
6230.000 4.844
6240.000 4.952
6250.000 5.040
6260.000 5.096
6270.000 5.107
6280.000 5.121
6290.000 5.172
6300.000 5.207
6310.000 5.279
6320.000 5.373
6330.000 5.407
6340.000 5.499
6350.000 5.514
6360.000 5.546
6370.000 5.603
6380.000 5.708
6390.000 5.766
6400.000 5.926
6410.000 5.966
6420.000 6.118
6430.000 6.164
6440.000 6.281
6450.000 6.462
6460.000 6.545
6470.000 6.715
6480.000 6.788
6490.000 7.040
6500.000 7.233
6510.000 7.363
6520.000 7.616
6530.000 7.707
6540.000 7.966
6550.000 8.285
6560.000 8.418
6570.000 8.707
6580.000 9.042
6590.000 9.226
6600.000 9.579
6610.000 9.826
6620.000 10.283
6630.000 10.521
6640.000 11.049
6650.000 11.623
6660.000 11.992
6670.000 12.679
6680.000 13.471
6690.000 13.994
6700.000 14.886
6710.000 15.490
6720.000 16.678
6730.000 18.218
6740.000 19.042
6750.000 21.052
6760.000 22.074
6770.000 24.776
6780.000 26.428
6790.000 30.341
6800.000 35.499
6810.000 38.841
6820.000 47.389
6830.000 60.229
6840.000 68.702
6850.000 91.192
6860.000 104.345
6870.000 119.708
6880.000 112.957
6890.000 83.060
6900.000 70.638
6910.000 53.212
6920.000 42.189
6930.000 34.839
6940.000 32.086
6950.000 27.549
6960.000 25.700
6970.000 22.709
6980.000 21.468
6990.000 19.322
7000.000 18.406
7010.000 16.839
7020.000 15.407
7030.000 14.304
7040.000 13.809
7050.000 12.895
7060.000 12.487
7070.000 11.750
7080.000 11.382
7090.000 10.751
7100.000 10.463
7110.000 9.923
7120.000 9.428
7130.000 9.222
7140.000 8.853
7150.000 8.431
7160.000 8.301
7170.000 7.953
7180.000 7.574
7190.000 7.512
7200.000 7.389
7210.000 7.105
7220.000 6.879
7230.000 6.640
7240.000 6.556
7250.000 6.422
7260.000 6.258
7270.000 6.127
7280.000 6.008
7290.000 5.831
7300.000 5.754
7310.000 5.647
7320.000 5.496
7330.000 5.322
7340.000 5.287
7350.000 5.184
7360.000 5.065
7370.000 4.977
7380.000 4.918
7390.000 4.843
7400.000 4.723
7410.000 4.697
7420.000 4.610
7430.000 4.515
7440.000 4.495
7450.000 4.446
7460.000 4.338
7470.000 4.311
7480.000 4.236
7490.000 4.196
7500.000 4.137
7510.000 4.036
7520.000 3.982
7530.000 4.036
7540.000 3.931
7550.000 3.889
7560.000 3.867
7570.000 3.802
7580.000 3.806
7590.000 3.730
7600.000 3.701
7610.000 3.681
7620.000 3.663
7630.000 3.632
7640.000 3.518
7650.000 3.569
7660.000 3.540
7670.000 3.508
7680.000 3.454
7690.000 3.446
7700.000 3.432
7710.000 3.408
7720.000 3.385
7730.000 3.385
7740.000 3.359
7750.000 3.346
7760.000 3.335
7770.000 3.291
7780.000 3.219
7790.000 3.274
7800.000 3.272
7810.000 3.217
7820.000 3.248
7830.000 3.216
7840.000 3.198
7850.000 3.173
7860.000 3.137
7870.000 3.106
7880.000 3.134
7890.000 3.167
7900.000 3.092
7910.000 3.087
7920.000 3.094
7930.000 3.102
7940.000 3.192
7950.000 3.229
7960.000 3.222
7970.000 3.180
7980.000 3.195
7990.000 3.190
8000.000 3.157
8010.000 3.175
8020.000 3.202
8030.000 3.168
8040.000 3.147
8050.000 3.158
8060.000 3.123
8070.000 3.148
8080.000 3.165
8090.000 3.167
8100.000 3.174
8110.000 3.178
8120.000 3.221
8130.000 3.216
8140.000 3.227
8150.000 3.200
8160.000 3.190
8170.000 3.246
8180.000 3.265
8190.000 3.261
8200.000 3.288
8210.000 3.280
8220.000 3.277
8230.000 3.289
8240.000 3.336
8250.000 3.355
8260.000 3.341
8270.000 3.337
8280.000 3.340
8290.000 3.357
8300.000 3.396
8310.000 3.396
8320.000 3.432
8330.000 3.425
8340.000 3.497
8350.000 3.496
8360.000 3.528
8370.000 3.541
8380.000 3.616
8390.000 3.648
8400.000 3.664
8410.000 3.644
8420.000 3.726
8430.000 3.730
8440.000 3.788
8450.000 3.850
8460.000 3.873
8470.000 3.914
8480.000 3.908
8490.000 3.963
8500.000 4.043
8510.000 4.084
8520.000 4.135
8530.000 4.174
8540.000 4.225
8550.000 4.253
8560.000 4.321
8570.000 4.422
8580.000 4.417
8590.000 4.493
8600.000 4.562
8610.000 4.642
8620.000 4.672
8630.000 4.797
8640.000 4.877
8650.000 4.924
8660.000 5.051
8670.000 5.067
8680.000 5.159
8690.000 5.284
8700.000 5.377
8710.000 5.497
8720.000 5.573
8730.000 5.720
8740.000 5.862
8750.000 5.998
8760.000 6.137
8770.000 6.186
8780.000 6.355
8790.000 6.589
8800.000 6.662
8810.000 6.890
8820.000 7.046
8830.000 7.349
8840.000 7.559
8850.000 7.728
8860.000 8.056
8870.000 8.216
8880.000 8.552
8890.000 8.966
8900.000 9.188
8910.000 9.655
8920.000 9.888
8930.000 10.474
8940.000 11.071
8950.000 11.439
8960.000 12.211
8970.000 12.619
8980.000 13.580
8990.000 14.688
9000.000 15.306
9010.000 16.775
9020.000 17.638
9030.000 19.492
9040.000 21.922
9050.000 23.318
9060.000 26.827
9070.000 28.953
9080.000 34.306
9090.000 41.841
9100.000 46.655
9110.000 59.182
9120.000 66.791
9130.000 81.830
9140.000 84.822
9150.000 78.521
9160.000 60.352
9170.000 52.604
9180.000 41.078
9190.000 33.538
9200.000 30.563
9210.000 26.026
9220.000 24.191
9230.000 21.139
9240.000 18.816
9250.000 17.665
9260.000 15.967
9270.000 15.257
9280.000 13.960
9290.000 13.419
9300.000 12.373
9310.000 11.573
9320.000 11.118
9330.000 10.415
9340.000 10.105
9350.000 9.564
9360.000 9.018
9370.000 8.744
9380.000 8.311
9390.000 8.120
9400.000 7.767
9410.000 7.413
9420.000 7.213
9430.000 6.970
9440.000 6.806
9460.000 6.315
9470.000 6.201
9480.000 5.961
9490.000 5.769
9500.000 5.650
9510.000 5.507
9520.000 5.408
9530.000 5.224
9540.000 5.037
9550.000 5.009
9560.000 4.807
9570.000 4.780
9580.000 4.664
9590.000 4.540
9600.000 4.489
9610.000 4.374
9620.000 4.288
9630.000 4.219
9640.000 4.085
9650.000 4.030
9660.000 3.981
9670.000 3.900
9680.000 3.781
9690.000 3.734
9700.000 3.706
9710.000 3.654
9720.000 3.617
9730.000 3.495
9740.000 3.447
9750.000 3.422
9760.000 3.353
9770.000 3.344
9780.000 3.280
9790.000 3.242
9800.000 3.179
9810.000 3.093
9820.000 3.142
9830.000 3.055
9840.000 3.024
9850.000 2.998
9860.000 2.956
9870.000 2.905
9880.000 2.844
9890.000 2.832
9900.000 2.829
9910.000 2.759
9920.000 2.811
9930.000 2.744
9940.000 2.709
9950.000 2.698
9960.000 2.664
9970.000 2.673
9980.000 2.649
9990.000 2.553
10000.000 2.621
