410.000 5.392
420.000 27.218
430.000 29.623
440.000 31.895
450.000 36.372
460.000 36.368
470.000 36.279
480.000 36.964
490.000 35.827
500.000 34.852
510.000 33.673
520.000 28.740
530.000 27.375
540.000 24.637
550.000 22.116
560.000 22.011
580.000 17.386
590.000 16.991
600.000 15.258
610.000 13.819
620.000 13.126
630.000 12.136
640.000 12.082
650.000 11.763
660.000 6.541
670.000 10.110
680.000 8.947
690.000 10.249
700.000 10.233
710.000 8.765
720.000 7.609
730.000 7.109
740.000 6.856
750.000 6.303
760.000 5.730
770.000 5.320
780.000 5.527
790.000 4.937
800.000 4.746
810.000 4.284
820.000 4.054
830.000 3.617
840.000 3.621
850.000 3.871
860.000 3.364
870.000 3.180
880.000 2.985
890.000 3.634
900.000 3.339
910.000 2.519
920.000 2.270
930.000 1.942
940.000 2.017
950.000 1.850
960.000 1.759
970.000 1.705
980.000 1.392
990.000 1.431
1000.000 1.512
1010.000 1.482
1020.000 1.234
1030.000 1.209
1040.000 1.221
1050.000 1.079
1060.000 1.023
1070.000 1.060
1080.000 1.249
1090.000 1.431
1100.000 1.133
1110.000 1.078
1120.000 1.224
1130.000 1.285
1140.000 1.279
1150.000 1.357
1160.000 1.297
1170.000 1.445
1180.000 1.453
1190.000 1.389
1200.000 1.512
1210.000 1.572
1220.000 1.593
1230.000 1.551
1240.000 1.679
1250.000 1.784
1260.000 1.734
1270.000 1.919
1280.000 1.925
1290.000 2.030
1300.000 1.977
1310.000 2.124
1320.000 2.168
1330.000 2.237
1340.000 2.423
1350.000 2.252
1360.000 2.421
1370.000 2.448
1380.000 2.541
1390.000 2.544
1400.000 2.560
1410.000 2.602
1420.000 2.627
1430.000 2.837
1440.000 2.839
1450.000 2.833
1460.000 2.880
1470.000 2.899
1480.000 3.095
1490.000 3.089
1500.000 3.048
1510.000 3.195
1520.000 3.281
1530.000 3.238
1540.000 3.320
1550.000 3.375
1560.000 3.401
1570.000 3.477
1580.000 3.520
1590.000 3.574
1600.000 3.691
1610.000 3.644
1620.000 3.657
1630.000 3.572
1640.000 3.703
1650.000 3.667
1660.000 3.514
1670.000 3.521
1680.000 3.284
1690.000 3.206
1700.000 3.300
1710.000 3.254
1720.000 3.751
1730.000 4.170
1740.000 4.252
1750.000 4.989
1760.000 5.303
1770.000 4.959
1780.000 5.723
1790.000 5.812
1800.000 6.102
1810.000 6.171
1820.000 6.230
1830.000 6.652
1840.000 6.786
1850.000 6.961
1860.000 7.111
1870.000 7.108
1880.000 7.680
1890.000 7.731
1900.000 7.483
1910.000 7.695
1920.000 7.926
1930.000 8.189
1940.000 8.181
1950.000 8.588
1960.000 8.409
1970.000 8.684
1980.000 8.746
1990.000 8.825
2000.000 8.847
2010.000 8.859
2020.000 9.252
2030.000 9.459
2040.000 9.058
2050.000 9.184
2060.000 9.147
2070.000 9.507
2080.000 9.628
2090.000 9.565
2100.000 9.707
2110.000 9.683
2120.000 9.784
2130.000 9.760
2140.000 9.673
2150.000 9.696
2160.000 9.672
2170.000 9.660
2180.000 9.772
2190.000 9.611
2200.000 9.564
2210.000 9.553
2220.000 9.452
2230.000 9.408
2240.000 9.391
2250.000 9.250
2260.000 9.323
2270.000 9.108
2280.000 9.239
2290.000 9.090
2300.000 9.030
2310.000 9.010
2320.000 9.009
2330.000 8.862
2340.000 8.841
2350.000 8.804
2360.000 8.777
2370.000 8.676
2380.000 8.705
2390.000 8.621
2400.000 8.546
2410.000 8.543
2420.000 8.591
2430.000 8.545
2440.000 8.550
2450.000 8.474
2460.000 8.474
2470.000 8.438
2480.000 8.430
2490.000 8.389
2500.000 8.333
2510.000 8.393
2520.000 8.315
2530.000 8.403
2540.000 8.324
2550.000 8.289
2560.000 8.280
2570.000 8.324
2580.000 8.316
2590.000 8.331
2600.000 8.353
2610.000 8.316
2620.000 8.331
2630.000 8.331
2640.000 8.350
2650.000 8.384
2660.000 8.357
2670.000 8.433
2680.000 8.449
2690.000 8.448
2700.000 8.475
2710.000 8.542
2720.000 8.556
2730.000 8.542
2740.000 8.583
2750.000 8.682
2760.000 8.680
2770.000 8.754
2780.000 8.767
2790.000 8.864
2800.000 8.947
2810.000 8.955
2820.000 9.026
2830.000 9.041
2840.000 9.174
2850.000 9.192
2860.000 9.296
2870.000 9.436
2880.000 9.495
2890.000 9.514
2900.000 9.705
2910.000 9.752
2920.000 9.832
2930.000 9.895
2940.000 10.061
2950.000 10.220
2960.000 10.353
2970.000 10.492
2980.000 10.582
2990.000 10.722
3000.000 10.925
3010.000 11.024
3020.000 11.247
3030.000 11.348
3040.000 11.505
3050.000 11.821
3060.000 11.947
3070.000 12.198
3080.000 12.290
3090.000 12.673
3100.000 13.043
3110.000 13.134
3120.000 13.487
3130.000 13.700
3140.000 14.126
3150.000 14.603
3160.000 14.771
3170.000 15.261
3180.000 15.558
3190.000 16.167
3200.000 16.730
3210.000 17.070
3220.000 17.762
3230.000 18.085
3240.000 18.910
3250.000 19.833
3260.000 20.334
3270.000 21.457
3280.000 22.142
3290.000 23.408
3300.000 24.850
3310.000 25.716
3320.000 27.764
3330.000 28.630
3340.000 31.121
3350.000 32.453
3360.000 35.290
3370.000 38.866
3380.000 41.107
3390.000 45.673
3400.000 48.501
3410.000 54.802
3420.000 62.142
3430.000 66.438
3440.000 74.577
3450.000 78.595
3460.000 84.008
3470.000 85.507
3480.000 83.432
3490.000 75.827
3500.000 71.594
3510.000 62.270
3520.000 54.186
3530.000 50.414
3540.000 44.276
3550.000 41.614
3560.000 37.007
3570.000 32.895
3580.000 31.214
3590.000 28.831
3600.000 27.239
3610.000 25.024
3620.000 23.111
3630.000 22.292
3640.000 20.664
3650.000 20.059
3660.000 18.720
3670.000 17.559
3680.000 17.034
3690.000 16.008
3700.000 15.562
3710.000 14.722
3720.000 13.867
3730.000 13.588
3740.000 12.911
3750.000 12.586
3760.000 11.954
3770.000 11.503
3780.000 11.213
3790.000 10.686
3800.000 10.481
3810.000 10.117
3820.000 9.689
3830.000 9.468
3840.000 9.128
3850.000 8.973
3860.000 8.568
3870.000 8.349
3880.000 8.152
3890.000 7.899
3900.000 7.772
3910.000 7.516
3920.000 7.268
3930.000 7.191
3940.000 6.967
3950.000 6.796
3960.000 6.584
3970.000 6.437
3980.000 6.366
3990.000 6.186
4000.000 6.079
4010.000 5.862
4020.000 5.720
4030.000 5.664
4040.000 5.450
4050.000 5.434
4060.000 5.281
4070.000 5.175
4080.000 5.086
4090.000 5.012
4100.000 4.952
4110.000 4.797
4120.000 4.731
4130.000 4.680
4140.000 4.511
4150.000 4.535
4160.000 4.395
4170.000 4.262
4180.000 4.272
4190.000 4.134
4200.000 4.145
4210.000 4.040
4220.000 3.905
4230.000 3.866
4240.000 3.747
4250.000 3.633
4260.000 3.470
4270.000 3.340
4280.000 3.280
4290.000 3.166
4300.000 3.075
4310.000 3.104
4320.000 3.015
4330.000 3.027
4340.000 2.988
4350.000 2.952
4360.000 2.916
4370.000 2.917
4380.000 2.918
4390.000 2.811
4400.000 2.829
4410.000 2.814
4420.000 2.754
4430.000 2.740
4440.000 2.730
4450.000 2.730
4460.000 2.731
4470.000 2.676
4480.000 2.668
4490.000 2.702
4500.000 2.697
4510.000 2.663
4520.000 2.691
4530.000 2.688
4540.000 2.704
4550.000 2.716
4560.000 2.729
4570.000 2.685
4580.000 2.739
4590.000 2.765
4600.000 2.809
4610.000 2.850
4620.000 2.879
4630.000 2.952
4640.000 3.000
4650.000 3.001
4660.000 3.015
4670.000 3.015
4680.000 3.004
4690.000 2.989
4700.000 3.007
4710.000 2.865
4720.000 2.826
4730.000 2.729
4740.000 2.586
4750.000 2.519
4760.000 2.379
4770.000 2.325
4780.000 2.262
4790.000 2.170
4800.000 2.148
4810.000 2.174
4820.000 2.243
4830.000 2.319
4840.000 2.474
4850.000 2.546
4860.000 2.748
4870.000 2.847
4880.000 3.098
4890.000 3.312
4900.000 3.430
4910.000 3.763
4920.000 3.864
4930.000 4.174
4940.000 4.502
4950.000 4.711
4960.000 5.013
4970.000 5.200
4980.000 5.574
4990.000 5.951
5000.000 6.110
5010.000 6.491
5020.000 6.711
5030.000 7.034
5040.000 7.397
5050.000 7.541
5060.000 7.846
5070.000 8.096
5080.000 8.336
5090.000 8.594
5100.000 8.695
5110.000 8.868
5120.000 8.959
5130.000 9.007
5140.000 9.122
5150.000 9.119
5160.000 9.090
5170.000 9.081
5180.000 9.083
5190.000 8.927
5200.000 8.919
5210.000 8.829
5220.000 8.791
5230.000 8.668
5240.000 8.554
5250.000 8.476
5260.000 8.318
5270.000 8.281
5280.000 8.149
5290.000 7.996
5300.000 7.932
5310.000 7.795
5320.000 7.753
5330.000 7.609
5340.000 7.506
5350.000 7.495
5360.000 7.369
5370.000 7.347
5380.000 7.326
5390.000 7.209
5400.000 7.202
5410.000 7.116
5420.000 7.100
5430.000 7.027
5440.000 7.033
5450.000 6.967
5460.000 6.875
5470.000 6.820
5480.000 6.744
5490.000 6.769
5500.000 6.713
5510.000 6.636
5520.000 6.645
5530.000 6.628
5540.000 6.571
5550.000 6.549
5560.000 6.515
5570.000 6.471
5580.000 6.421
5590.000 6.407
5600.000 6.418
5610.000 6.386
5620.000 6.354
5630.000 6.308
5640.000 6.300
5650.000 6.267
5660.000 6.263
5670.000 6.233
5680.000 6.240
5690.000 6.247
5700.000 6.238
5710.000 6.216
5720.000 6.212
5730.000 6.211
5740.000 6.232
5750.000 6.230
5760.000 6.187
5770.000 6.190
5780.000 6.241
5790.000 6.268
5800.000 6.221
5810.000 6.223
5820.000 6.205
5830.000 6.257
5840.000 6.249
5850.000 6.229
5860.000 6.271
5870.000 6.241
5880.000 6.215
5890.000 6.228
5900.000 6.200
5910.000 6.275
5920.000 6.270
5930.000 6.219
5940.000 6.178
5950.000 6.165
5960.000 6.205
5970.000 6.188
5980.000 6.259
5990.000 6.282
6000.000 6.290
6010.000 6.362
6020.000 6.412
6030.000 6.432
6040.000 6.468
6050.000 6.553
6060.000 6.556
6070.000 6.599
6080.000 6.666
6090.000 6.721
6100.000 6.767
6110.000 6.821
6120.000 6.882
6130.000 6.912
6140.000 6.953
6150.000 7.057
6160.000 7.157
6170.000 7.172
6180.000 7.306
6190.000 7.347
6200.000 7.417
6210.000 7.503
6220.000 7.557
6230.000 7.704
6240.000 7.767
6250.000 7.883
6260.000 8.013
6270.000 8.130
6280.000 8.272
6290.000 8.334
6300.000 8.503
6310.000 8.539
6320.000 8.681
6330.000 8.833
6340.000 8.879
6350.000 9.074
6360.000 9.142
6370.000 9.348
6380.000 9.564
6390.000 9.627
6400.000 9.866
6410.000 9.989
6420.000 10.204
6430.000 10.465
6440.000 10.638
6450.000 10.898
6460.000 11.002
6470.000 11.331
6480.000 11.623
6490.000 11.806
6500.000 12.177
6510.000 12.385
6520.000 12.723
6530.000 13.173
6540.000 13.413
6550.000 13.825
6560.000 14.114
6570.000 14.645
6580.000 15.209
6590.000 15.581
6600.000 16.225
6610.000 16.588
6620.000 17.322
6630.000 18.250
6640.000 18.732
6650.000 19.669
6660.000 20.230
6670.000 21.377
6680.000 22.635
6690.000 23.403
6700.000 24.908
6710.000 25.782
6720.000 27.749
6730.000 29.967
6740.000 31.133
6750.000 33.900
6760.000 35.488
6770.000 39.043
6780.000 43.338
6790.000 45.876
6800.000 51.616
6810.000 55.024
6820.000 62.856
6830.000 72.242
6840.000 77.341
6850.000 87.273
6860.000 91.387
6870.000 95.530
6880.000 92.176
6890.000 87.699
6900.000 77.343
6910.000 71.776
6920.000 62.037
6930.000 53.799
6940.000 50.377
6950.000 44.425
6960.000 41.904
6970.000 37.544
6980.000 33.920
6990.000 32.312
7000.000 29.526
7010.000 28.322
7020.000 26.177
7030.000 24.273
7040.000 23.416
7050.000 21.936
7060.000 21.222
7070.000 19.965
7080.000 18.844
7090.000 18.336
7100.000 17.369
7110.000 16.938
7120.000 16.133
7130.000 15.385
7140.000 15.018
7150.000 14.356
7160.000 14.072
7170.000 13.487
7180.000 12.951
7190.000 12.720
7200.000 12.256
7210.000 12.060
7220.000 11.614
7230.000 11.188
7240.000 11.011
7250.000 10.691
7260.000 10.498
7270.000 10.230
7280.000 9.894
7290.000 9.771
7300.000 9.490
7310.000 9.350
7320.000 9.111
7330.000 8.894
7340.000 8.746
7350.000 8.528
7360.000 8.436
7370.000 8.268
7380.000 8.034
7390.000 7.947
7400.000 7.769
7410.000 7.654
7420.000 7.537
7430.000 7.357
7440.000 7.276
7450.000 7.190
7460.000 7.086
7470.000 6.944
7480.000 6.784
7490.000 6.763
7500.000 6.622
7510.000 6.565
7520.000 6.438
7530.000 6.386
7540.000 6.271
7550.000 6.201
7560.000 6.109
7570.000 6.032
7580.000 6.023
7590.000 5.887
7600.000 5.773
7610.000 5.747
7620.000 5.690
7630.000 5.638
7640.000 5.554
7650.000 5.481
7660.000 5.418
7670.000 5.393
7680.000 5.316
7690.000 5.277
7700.000 5.231
7710.000 5.174
7720.000 5.130
7730.000 5.063
7740.000 4.989
7750.000 4.957
7760.000 4.921
7770.000 4.858
7780.000 4.838
7790.000 4.795
7800.000 4.772
7810.000 4.717
7820.000 4.712
7830.000 4.698
7840.000 4.622
7850.000 4.557
7860.000 4.549
7870.000 4.530
7880.000 4.510
7890.000 4.481
7900.000 4.445
7910.000 4.456
7920.000 4.411
7930.000 4.390
7940.000 4.325
7950.000 4.228
7960.000 4.224
7970.000 4.145
7980.000 4.140
7990.000 4.152
8000.000 4.052
8010.000 4.097
8020.000 4.000
8030.000 4.010
8040.000 4.023
8050.000 3.950
8060.000 3.946
8070.000 3.962
8080.000 3.973
8090.000 3.872
8100.000 3.885
8110.000 3.873
8120.000 3.879
8130.000 3.843
8140.000 3.816
8150.000 3.813
8160.000 3.771
8170.000 3.773
8180.000 3.787
8190.000 3.762
8200.000 3.718
8210.000 3.740
8220.000 3.776
8230.000 3.690
8240.000 3.702
8250.000 3.690
8260.000 3.714
8270.000 3.653
8280.000 3.639
8290.000 3.655
8300.000 3.622
8310.000 3.627
8320.000 3.619
8330.000 3.629
8340.000 3.591
8350.000 3.616
8360.000 3.574
8370.000 3.562
8380.000 3.552
8390.000 3.578
8400.000 3.527
8410.000 3.539
8420.000 3.520
8430.000 3.526
8440.000 3.508
8450.000 3.533
8460.000 3.496
8470.000 3.454
8480.000 3.473
8490.000 3.494
8500.000 3.418
8510.000 3.439
8520.000 3.464
8530.000 3.415
8540.000 3.464
8550.000 3.448
8560.000 3.384
8570.000 3.408
8580.000 3.404
8590.000 3.376
8600.000 3.296
8610.000 3.362
8620.000 3.303
8630.000 3.329
8640.000 3.303
8650.000 3.311
8660.000 3.362
8670.000 3.472
8680.000 3.564
8690.000 3.621
8700.000 3.654
8710.000 3.636
8720.000 3.571
8730.000 3.537
8740.000 3.527
8750.000 3.543
8760.000 3.503
8770.000 3.531
8780.000 3.479
8790.000 3.528
8800.000 3.476
8810.000 3.461
8820.000 3.472
8830.000 3.489
8840.000 3.466
8850.000 3.467
8860.000 3.462
8870.000 3.494
8880.000 3.506
8890.000 3.464
8900.000 3.494
8910.000 3.478
8920.000 3.478
8930.000 3.510
8940.000 3.481
8950.000 3.468
8960.000 3.495
8970.000 3.483
8980.000 3.507
8990.000 3.515
9000.000 3.542
9010.000 3.503
9020.000 3.553
9030.000 3.531
9040.000 3.580
9050.000 3.558
9060.000 3.589
9070.000 3.574
9080.000 3.592
9090.000 3.584
9100.000 3.636
9110.000 3.618
9120.000 3.649
9130.000 3.640
9140.000 3.664
9150.000 3.695
9160.000 3.754
9170.000 3.760
9180.000 3.771
9190.000 3.779
9200.000 3.766
9210.000 3.839
9220.000 3.869
9230.000 3.861
9240.000 3.869
9250.000 3.905
9260.000 3.875
9270.000 3.972
9280.000 3.985
9290.000 3.981
9300.000 4.016
9310.000 4.042
9320.000 4.052
9330.000 4.062
9340.000 4.106
9350.000 4.130
9360.000 4.174
9370.000 4.204
9380.000 4.253
9390.000 4.247
9400.000 4.257
9410.000 4.311
9420.000 4.359
9430.000 4.406
9440.000 4.454
9450.000 4.459
9460.000 4.472
9470.000 4.543
9480.000 4.558
9490.000 4.628
9500.000 4.627
9510.000 4.662
9520.000 4.769
9530.000 4.740
9540.000 4.814
9550.000 4.825
9560.000 4.899
9570.000 4.991
9580.000 5.045
9590.000 5.094
9600.000 5.103
9610.000 5.176
9620.000 5.252
9630.000 5.262
9640.000 5.398
9650.000 5.383
9660.000 5.465
9670.000 5.573
9680.000 5.599
9690.000 5.692
9700.000 5.764
9710.000 5.850
9720.000 5.961
9730.000 6.036
9740.000 6.130
9750.000 6.164
9760.000 6.299
9770.000 6.452
9780.000 6.544
9790.000 6.690
9800.000 6.737
9810.000 6.860
9820.000 7.054
9830.000 7.130
9840.000 7.324
9850.000 7.384
9860.000 7.566
9870.000 7.689
9880.000 7.878
9890.000 8.131
9900.000 8.255
9910.000 8.498
9920.000 8.631
9930.000 8.895
9940.000 9.261
9950.000 9.409
9960.000 9.777
9970.000 9.968
9980.000 10.333
9990.000 10.791
10000.000 10.977
10010.000 11.542
10020.000 11.784
10030.000 12.319
10040.000 13.014
10050.000 13.336
10060.000 14.065
10070.000 14.534
10080.000 15.491
10090.000 16.465
10100.000 17.061
10110.000 18.400
10120.000 19.081
10130.000 20.777
10140.000 22.751
10150.000 23.804
10160.000 26.460
10170.000 28.053
10180.000 31.735
10190.000 36.454
10200.000 39.357
10210.000 46.332
10220.000 50.525
10230.000 60.791
10240.000 72.933
10250.000 78.619
10260.000 85.186
10270.000 84.049
10280.000 73.611
10290.000 60.120
10300.000 54.144
10310.000 44.474
10320.000 40.628
10330.000 34.453
10340.000 29.690
10350.000 27.809
10360.000 24.471
10370.000 23.175
10380.000 20.770
10390.000 18.836
10400.000 17.949
10410.000 16.428
10420.000 15.775
10430.000 14.579
10440.000 13.492
10450.000 13.032
10460.000 12.194
10470.000 11.871
10480.000 11.337
10490.000 11.022
10500.000 10.927
10510.000 10.716
10520.000 10.518
10530.000 10.153
10540.000 9.721
10550.000 9.551
10560.000 9.165
10570.000 9.015
10580.000 8.633
10590.000 8.325
10600.000 8.135
10610.000 7.795
10620.000 7.657
10630.000 7.389
10640.000 7.148
10650.000 7.013
10660.000 6.760
10670.000 6.628
10680.000 6.451
10690.000 6.215
10700.000 6.102
10710.000 5.929
10720.000 5.849
10730.000 5.700
10740.000 5.543
10750.000 5.453
10760.000 5.288
10770.000 5.248
10780.000 5.112
10790.000 4.948
10800.000 4.919
10810.000 4.764
10820.000 4.715
10830.000 4.644
10840.000 4.551
10850.000 4.472
10860.000 4.391
10870.000 4.344
10880.000 4.247
10890.000 4.181
10900.000 4.111
10910.000 4.041
10920.000 3.995
10930.000 3.921
10940.000 3.813
10950.000 3.830
10960.000 3.742
10970.000 3.736
10980.000 3.632
10990.000 3.608
11000.000 3.566
11010.000 3.462
11020.000 3.483
11030.000 3.401
11040.000 3.337
11050.000 3.335
11060.000 3.248
11070.000 3.225
11080.000 3.186
11090.000 3.148
11100.000 3.117
11110.000 3.115
11120.000 3.071
11130.000 3.036
11140.000 3.000
11150.000 2.939
11160.000 2.917
11170.000 2.880
11180.000 2.865
11190.000 2.845
11200.000 2.834
11210.000 2.777
11220.000 2.737
11230.000 2.766
11240.000 2.702
11250.000 2.682
11260.000 2.668
11270.000 2.620
11280.000 2.633
11290.000 2.589
11300.000 2.593
11310.000 2.552
11320.000 2.534
11330.000 2.502
11340.000 2.499
11350.000 2.472
11360.000 2.436
11370.000 2.463
11380.000 2.419
11390.000 2.387
11400.000 2.405
11410.000 2.370
11420.000 2.332
11430.000 2.351
11440.000 2.321
11450.000 2.304
11460.000 2.314
11470.000 2.285
11480.000 2.270
11490.000 2.257
11500.000 2.245
11510.000 2.225
11520.000 2.227
11530.000 2.204
11540.000 2.180
11550.000 2.125
11560.000 2.153
11570.000 2.161
11580.000 2.138
11590.000 2.135
11600.000 2.104
11610.000 2.063
11620.000 2.086
11630.000 2.079
11640.000 2.084
11650.000 2.041
11660.000 2.062
11670.000 2.061
11680.000 2.073
11690.000 2.019
11700.000 2.021
11710.000 2.026
11720.000 2.005
11730.000 2.001
11740.000 1.998
11750.000 1.998
11760.000 1.989
11770.000 1.956
11780.000 1.965
11790.000 1.986
11800.000 1.959
11810.000 1.938
11820.000 1.924
11830.000 1.945
11840.000 1.952
11850.000 1.915
11860.000 1.917
11870.000 1.920
11880.000 1.955
11890.000 1.895
11900.000 1.920
11910.000 1.890
11920.000 1.927
11930.000 1.904
11940.000 1.907
11950.000 1.900
11960.000 1.929
11970.000 1.879
11980.000 1.893
11990.000 1.924
12000.000 1.914
12010.000 1.913
12020.000 1.922
12030.000 1.907
12040.000 1.899
12050.000 1.919
12060.000 1.940
12070.000 1.912
12080.000 1.920
12090.000 1.910
12100.000 1.887
12110.000 1.920
12120.000 1.936
12130.000 1.950
12140.000 1.944
12150.000 1.950
12160.000 1.956
12170.000 1.921
12180.000 1.965
12190.000 1.965
12200.000 1.974
12210.000 1.969
12220.000 1.971
12230.000 2.022
12240.000 1.948
12250.000 1.983
12260.000 1.982
12270.000 1.996
12280.000 2.023
12290.000 2.004
12300.000 2.029
12310.000 2.038
12320.000 2.055
12330.000 2.036
12340.000 2.038
12350.000 2.035
12360.000 2.044
12370.000 2.061
12380.000 2.046
12390.000 2.066
12400.000 2.071
12410.000 2.070
12420.000 2.085
12430.000 2.087
12440.000 2.099
12450.000 2.116
12460.000 2.102
12470.000 2.099
12480.000 2.144
12490.000 2.108
12500.000 2.156
12510.000 2.149
12520.000 2.150
12530.000 2.177
12540.000 2.179
12550.000 2.194
12560.000 2.192
12570.000 2.200
12580.000 2.244
12590.000 2.227
12600.000 2.243
12610.000 2.246
12620.000 2.270
12630.000 2.319
12640.000 2.293
12650.000 2.325
12660.000 2.331
12670.000 2.350
12680.000 2.337
12690.000 2.385
12700.000 2.395
12710.000 2.395
12720.000 2.417
12730.000 2.450
12740.000 2.460
12750.000 2.478
12760.000 2.488
12770.000 2.539
12780.000 2.527
12790.000 2.559
12800.000 2.600
12810.000 2.572
12820.000 2.640
12830.000 2.652
12840.000 2.684
12850.000 2.694
12860.000 2.725
12870.000 2.747
12880.000 2.770
12890.000 2.790
12900.000 2.844
12910.000 2.866
12920.000 2.915
12930.000 2.913
12940.000 2.941
12950.000 2.991
12960.000 2.994
12970.000 3.056
12980.000 3.055
12990.000 3.120
13000.000 3.165
13010.000 3.223
13020.000 3.239
13030.000 3.255
13040.000 3.327
13050.000 3.366
13060.000 3.428
13070.000 3.488
13080.000 3.480
13090.000 3.604
13100.000 3.673
13110.000 3.687
13120.000 3.764
13130.000 3.822
13140.000 3.922
13150.000 4.060
13160.000 4.051
13170.000 4.171
13180.000 4.230
13190.000 4.303
13200.000 4.448
13210.000 4.504
13220.000 4.617
13230.000 4.669
13240.000 4.818
13250.000 5.008
13260.000 5.057
13270.000 5.220
13280.000 5.314
13290.000 5.492
13300.000 5.677
13310.000 5.801
13320.000 6.008
13330.000 6.121
13340.000 6.369
13350.000 6.645
13360.000 6.792
13370.000 7.091
13380.000 7.271
13390.000 7.593
13400.000 8.010
13410.000 8.181
13420.000 8.651
13430.000 8.944
13440.000 9.457
13450.000 10.084
13460.000 10.393
13470.000 11.117
13480.000 11.502
13490.000 12.368
13500.000 13.344
13510.000 13.907
13520.000 15.123
13530.000 15.765
13540.000 17.181
13550.000 18.823
13560.000 19.689
13570.000 21.501
13580.000 22.431
13590.000 24.174
13600.000 24.977
13610.000 20.653
13620.000 26.210
13630.000 26.030
13640.000 25.005
13650.000 23.450
13660.000 22.568
13670.000 20.658
13680.000 19.747
13690.000 18.002
13700.000 16.493
13710.000 15.712
13720.000 14.434
13730.000 13.821
13740.000 12.776
13750.000 11.812
13760.000 11.421
13770.000 10.647
13780.000 10.288
13790.000 9.619
13800.000 9.057
13810.000 8.784
13820.000 8.332
13830.000 8.086
13840.000 7.672
13850.000 7.314
13860.000 7.131
13870.000 6.824
13880.000 6.661
13890.000 6.393
13900.000 6.150
13910.000 5.992
13920.000 5.801
13930.000 5.667
13940.000 5.455
13950.000 5.283
13960.000 5.192
13970.000 5.039
13980.000 4.920
13990.000 4.804
14000.000 4.645
14010.000 4.568
14020.000 4.425
14030.000 4.389
14040.000 4.252
14050.000 4.181
14060.000 4.075
14070.000 3.986
14080.000 3.914
14090.000 3.832
14100.000 3.802
14110.000 3.692
14120.000 3.633
14130.000 3.598
14140.000 3.505
14150.000 3.489
14160.000 3.387
14170.000 3.323
14180.000 3.313
14190.000 3.232
14200.000 3.204
14210.000 3.164
14220.000 3.083
14230.000 3.080
14240.000 3.007
14250.000 2.996
14260.000 2.928
14270.000 2.894
14280.000 2.863
14290.000 2.813
14300.000 2.811
14310.000 2.771
14320.000 2.719
14330.000 2.727
14340.000 2.648
14350.000 2.650
14360.000 2.610
14370.000 2.570
14380.000 2.568
14390.000 2.525
14400.000 2.522
14410.000 2.490
14420.000 2.456
14430.000 2.459
14440.000 2.415
14450.000 2.409
14460.000 2.399
14470.000 2.364
14480.000 2.327
14490.000 2.349
14500.000 2.294
14510.000 2.273
14520.000 2.260
14530.000 2.233
14540.000 2.238
14550.000 2.242
14560.000 2.202
14570.000 2.209
14580.000 2.190
14590.000 2.160
14600.000 2.168
14610.000 2.151
14620.000 2.113
14630.000 2.111
14640.000 2.102
14650.000 2.106
14660.000 2.092
14670.000 2.065
14680.000 2.079
14690.000 2.050
14700.000 2.061
14710.000 2.045
14720.000 2.031
14730.000 2.019
14740.000 2.012
14750.000 2.042
14760.000 2.024
14770.000 1.979
14780.000 1.996
14790.000 1.973
14800.000 1.991
14810.000 1.966
14820.000 1.953
14830.000 1.968
14840.000 1.964
14850.000 1.969
14860.000 1.958
14870.000 1.934
14880.000 1.932
14890.000 1.965
14900.000 1.935
14910.000 1.931
14920.000 1.950
14930.000 1.952
14940.000 1.929
14950.000 1.940
14960.000 1.932
14970.000 1.920
14980.000 1.920
14990.000 1.921
15000.000 1.927
15010.000 1.913
15020.000 1.927
15030.000 1.935
15040.000 1.928
15050.000 1.933
15060.000 1.923
15070.000 1.913
15080.000 1.963
15090.000 1.931
15100.000 1.940
15110.000 1.943
15120.000 1.961
15130.000 1.945
15140.000 1.952
15150.000 1.958
15160.000 1.948
15170.000 1.974
15180.000 1.950
15190.000 1.973
15200.000 1.959
15210.000 1.983
15220.000 1.984
15230.000 1.998
15240.000 2.023
15250.000 2.004
15260.000 2.026
15270.000 2.003
15280.000 2.047
15290.000 2.049
15300.000 2.055
15310.000 2.058
15320.000 2.079
15330.000 2.084
15340.000 2.094
15350.000 2.081
15360.000 2.125
15370.000 2.127
15380.000 2.134
15390.000 2.157
15400.000 2.175
15410.000 2.147
15420.000 2.180
15430.000 2.172
15440.000 2.205
15450.000 2.232
15460.000 2.231
15470.000 2.245
15480.000 2.285
15490.000 2.260
15500.000 2.306
15510.000 2.312
15520.000 2.319
15530.000 2.330
15540.000 2.364
15550.000 2.389
15560.000 2.398
15570.000 2.406
15580.000 2.424
15590.000 2.445
15600.000 2.465
15610.000 2.501
15620.000 2.504
15630.000 2.513
15640.000 2.488
15650.000 2.543
15660.000 2.553
15670.000 2.579
15680.000 2.575
15690.000 2.578
15700.000 2.622
15710.000 2.612
15720.000 2.629
15730.000 2.624
15740.000 2.642
15750.000 2.647
15760.000 2.671
15770.000 2.662
15780.000 2.639
15790.000 2.654
15800.000 2.671
15810.000 2.642
15820.000 2.612
15830.000 2.622
15840.000 2.582
15850.000 2.561
15860.000 2.479
15870.000 2.417
15880.000 2.277
15890.000 2.182
15900.000 2.119
15910.000 1.995
15920.000 1.926
15930.000 1.779
15940.000 1.653
15950.000 1.589
15960.000 1.424
15970.000 1.387
15980.000 1.252
15990.000 1.105
16000.000 1.017
16010.000 0.864
16020.000 0.810
16030.000 0.656
16040.000 0.487
16050.000 0.412
16060.000 0.232
16070.000 0.181
16080.000 0.089
16090.000 0.199
16100.000 0.275
16110.000 0.475
16120.000 0.549
16130.000 0.752
16140.000 0.960
16150.000 1.050
16160.000 1.233
16170.000 1.360
16180.000 1.590
16190.000 1.816
16200.000 1.927
16210.000 2.156
16220.000 2.320
16230.000 2.583
16240.000 2.904
16250.000 3.041
16260.000 3.333
16270.000 3.531
16280.000 3.900
16290.000 4.240
16300.000 4.461
16310.000 4.900
16320.000 5.104
16330.000 5.622
16340.000 6.190
16350.000 6.499
16360.000 7.135
16370.000 7.489
16380.000 8.275
16390.000 9.117
16400.000 9.633
16410.000 10.655
16420.000 11.215
16430.000 12.474
16440.000 13.111
16450.000 14.566
16460.000 16.256
16470.000 17.104
16480.000 18.884
16490.000 19.904
16500.000 21.830
16510.000 23.605
16520.000 24.333
16530.000 25.520
16540.000 25.914
16550.000 26.141
16560.000 25.675
16570.000 25.275
16580.000 24.152
16590.000 23.527
16600.000 22.127
16610.000 20.758
16620.000 20.090
16630.000 18.846
16640.000 18.223
16650.000 17.129
16660.000 16.174
16670.000 15.703
16680.000 14.868
16690.000 14.488
16700.000 13.770
16710.000 13.173
16720.000 12.877
16730.000 12.339
16740.000 12.090
16750.000 11.629
16760.000 11.214
16770.000 11.043
16780.000 10.668
16790.000 10.511
16800.000 10.192
16810.000 9.923
16820.000 9.786
16830.000 9.538
16840.000 9.422
16850.000 9.228
16860.000 9.032
16870.000 8.955
16880.000 8.759
16890.000 8.673
16900.000 8.561
16910.000 8.425
16920.000 8.378
16930.000 8.262
16940.000 8.223
16950.000 8.138
16960.000 8.036
16970.000 8.026
16980.000 7.955
16990.000 7.941
17000.000 7.913
17010.000 7.855
17020.000 7.833
17030.000 7.807
17040.000 7.773
17050.000 7.754
17060.000 7.688
17070.000 7.660
17080.000 7.488
17090.000 7.402
17100.000 7.096
17110.000 6.591
17120.000 6.358
17130.000 5.897
17140.000 5.804
17150.000 5.805
17160.000 6.034
17170.000 6.162
17180.000 6.484
17190.000 6.608
17200.000 6.886
17210.000 7.135
17220.000 7.270
17230.000 7.486
17240.000 7.621
17250.000 7.816
17260.000 8.102
17270.000 8.189
17280.000 8.473
17290.000 8.575
17300.000 8.882
17310.000 9.176
17320.000 9.316
17330.000 9.673
17340.000 9.865
17350.000 10.244
17360.000 10.690
17370.000 10.917
17380.000 11.404
17390.000 11.688
17400.000 12.272
17410.000 12.966
17420.000 13.335
17430.000 14.149
17440.000 14.603
17450.000 15.613
17460.000 16.731
17470.000 17.399
17480.000 18.820
17490.000 19.598
17500.000 21.411
17510.000 23.380
17520.000 24.534
17530.000 26.963
17540.000 28.231
17550.000 30.797
17560.000 33.034
17570.000 33.895
17580.000 34.803
17590.000 34.693
17600.000 33.438
17610.000 32.383
17620.000 29.795
17630.000 27.031
17640.000 25.646
17660.000 21.253
17670.000 19.237
17680.000 18.344
17690.000 16.706
17700.000 15.966
17710.000 14.690
17720.000 13.571
17730.000 13.065
17740.000 12.151
17750.000 11.742
17760.000 11.007
17770.000 10.375
17780.000 10.066
17790.000 9.532
17800.000 9.272
17810.000 8.838
17820.000 8.424
17830.000 8.253
17840.000 7.911
17850.000 7.756
17860.000 7.444
17870.000 7.186
17880.000 7.084
17900.000 6.739
17910.000 6.525
17920.000 6.417
17930.000 6.273
17940.000 6.122
17950.000 6.025
17960.000 5.892
17970.000 5.821
17980.000 5.697
17990.000 5.588
18000.000 5.543
18010.000 5.418
18020.000 5.374
18030.000 5.252
18040.000 5.226
18050.000 5.131
18060.000 5.049
18070.000 5.008
18080.000 4.909
18090.000 4.874
18100.000 4.801
18110.000 4.744
18120.000 4.706
18130.000 4.658
18140.000 4.614
18150.000 4.570
18160.000 4.537
18170.000 4.513
18180.000 4.458
18190.000 4.437
18200.000 4.399
18210.000 4.416
18220.000 4.379
18230.000 4.331
18240.000 4.350
18250.000 4.338
18260.000 4.307
18270.000 4.334
18280.000 4.315
18290.000 4.309
18300.000 4.292
18310.000 4.341
18320.000 4.320
18330.000 4.345
18340.000 4.356
18350.000 4.362
18360.000 4.387
18370.000 4.404
18380.000 4.424
18390.000 4.427
18400.000 4.491
18410.000 4.510
18420.000 4.536
18430.000 4.587
18440.000 4.612
18450.000 4.652
18460.000 4.701
18470.000 4.705
18480.000 4.762
18490.000 4.808
18500.000 4.867
18510.000 4.941
18520.000 4.965
18530.000 5.037
18540.000 5.084
18550.000 5.170
18560.000 5.231
18570.000 5.290
18580.000 5.381
18590.000 5.408
18600.000 5.507
18610.000 5.619
18620.000 5.673
18630.000 5.793
18640.000 5.868
18650.000 5.978
18660.000 6.114
18670.000 6.177
18680.000 6.335
18690.000 6.395
18700.000 6.583
18710.000 6.761
18720.000 6.866
18730.000 7.080
18740.000 7.188
18750.000 7.422
18760.000 7.674
18770.000 7.831
18780.000 8.124
18790.000 8.280
18800.000 8.633
18810.000 9.064
18820.000 9.265
18830.000 9.728
18840.000 9.993
18850.000 10.517
18860.000 11.139
18870.000 11.505
18880.000 12.214
18890.000 12.590
18900.000 13.365
18910.000 14.188
18920.000 14.598
18930.000 15.492
18940.000 15.987
18950.000 17.101
18960.000 18.338
18970.000 19.037
18980.000 20.485
18990.000 21.259
19000.000 22.726
19010.000 24.027
19020.000 24.649
19030.000 25.532
19040.000 25.797
19050.000 25.919
19060.000 25.515
19070.000 25.128
19080.000 24.060
19090.000 23.462
19100.000 22.142
19110.000 20.758
19120.000 20.059
19130.000 18.756
19140.000 18.128
19150.000 16.960
19160.000 15.865
19170.000 15.370
19180.000 14.461
19190.000 14.034
19200.000 13.269
19210.000 12.554
19220.000 12.231
19230.000 11.619
19240.000 11.343
19250.000 10.833
19260.000 10.583
19270.000 10.134
19280.000 9.734
19290.000 9.559
19300.000 9.216
19310.000 9.031
19320.000 8.757
19330.000 8.464
19340.000 8.328
19350.000 8.102
19360.000 7.953
19370.000 7.761
19380.000 7.558
19390.000 7.446
19400.000 7.292
19410.000 7.204
19420.000 7.052
19430.000 6.895
19440.000 6.838
19450.000 6.704
19460.000 6.629
19470.000 6.512
19480.000 6.406
19490.000 6.303
19500.000 6.179
19510.000 6.122
19520.000 5.980
19530.000 5.843
19540.000 5.777
19550.000 5.657
19560.000 5.600
19570.000 5.501
19580.000 5.428
19590.000 5.369
19600.000 5.329
19610.000 5.306
19620.000 5.264
19630.000 5.210
19640.000 5.191
19650.000 5.168
19660.000 5.163
19670.000 5.146
19680.000 5.117
19690.000 5.117
19700.000 5.092
19710.000 5.096
19720.000 5.097
19730.000 5.057
19740.000 5.061
19750.000 5.068
19760.000 5.084
19770.000 5.075
19780.000 5.071
19790.000 5.078
19800.000 5.096
19810.000 5.104
19820.000 5.117
19830.000 5.137
19840.000 5.145
19850.000 5.177
19860.000 5.198
19870.000 5.217
19880.000 5.242
19890.000 5.266
19900.000 5.300
19910.000 5.318
19920.000 5.362
19930.000 5.422
19940.000 5.433
19950.000 5.495
19960.000 5.507
19970.000 5.581
19980.000 5.660
19990.000 5.665
20000.000 5.745
20010.000 5.780
20020.000 5.880
20030.000 5.940
20040.000 5.994
20050.000 6.099
20060.000 6.154
20070.000 6.264
20080.000 6.374
20090.000 6.477
20100.000 6.588
20110.000 6.658
20120.000 6.841
20130.000 6.999
20140.000 7.104
20150.000 7.279
20160.000 7.368
20170.000 7.585
20180.000 7.846
20190.000 7.970
20200.000 8.233
20210.000 8.366
20220.000 8.662
20230.000 8.996
20240.000 9.164
20250.000 9.538
20260.000 9.702
20270.000 10.094
20280.000 10.496
20290.000 10.703
20300.000 11.082
20310.000 11.314
20320.000 11.647
20330.000 11.965
20340.000 12.094
20350.000 12.279
20360.000 12.325
20370.000 12.328
20380.000 12.174
20390.000 12.067
20400.000 11.685
20410.000 11.476
20420.000 10.911
20430.000 10.595
20440.000 9.989
20450.000 9.361
20460.000 9.061
20470.000 8.421
20480.000 8.116
20490.000 7.506
20500.000 6.969
20510.000 6.719
20520.000 6.211
20530.000 5.982
20540.000 5.499
20550.000 5.093
20560.000 4.903
20570.000 4.542
20580.000 4.333
20590.000 3.985
20600.000 3.662
20610.000 3.537
20620.000 3.212
20630.000 2.569
20640.000 2.729
20650.000 2.532
20660.000 2.416
20670.000 2.176
20680.000 2.067
20690.000 1.839
20700.000 1.611
20710.000 1.532
20720.000 1.333
20730.000 1.227
20740.000 1.066
20750.000 0.901
20760.000 0.878
20770.000 0.798
20780.000 0.791
20790.000 0.813
20800.000 0.916
20810.000 0.981
20820.000 1.138
20830.000 1.241
20840.000 1.451
20850.000 1.679
20860.000 1.819
20870.000 2.092
20880.000 2.239
20890.000 2.522
20900.000 2.868
20910.000 3.028
20920.000 3.389
20930.000 3.589
20940.000 3.974
20950.000 4.409
20960.000 4.591
20970.000 5.046
20980.000 5.308
20990.000 5.770
21000.000 6.245
21010.000 6.524
21020.000 6.946
21030.000 7.145
21040.000 7.461
21050.000 7.700
21060.000 7.747
21070.000 7.803
21080.000 7.779
21090.000 7.663
21100.000 7.453
21110.000 7.330
21120.000 7.039
21130.000 6.891
21140.000 6.548
21150.000 6.216
21160.000 6.060
21170.000 5.738
21180.000 5.590
21190.000 5.304
21200.000 5.015
21210.000 4.900
21220.000 4.639
21230.000 4.509
21240.000 4.292
21250.000 4.110
21260.000 3.989
21270.000 3.813
21280.000 3.718
21290.000 3.542
21300.000 3.398
21310.000 3.317
21320.000 3.172
21330.000 3.099
21340.000 2.959
21350.000 2.852
21360.000 2.796
21370.000 2.685
21380.000 2.626
21390.000 2.520
21400.000 2.425
21410.000 2.383
21420.000 2.298
21430.000 2.253
21440.000 2.156
21450.000 2.082
21460.000 2.044
21470.000 1.966
21480.000 1.941
21490.000 1.867
21500.000 1.797
21510.000 1.761
21520.000 1.696
21530.000 1.661
21540.000 1.617
21550.000 1.552
21560.000 1.529
21570.000 1.480
21580.000 1.450
21590.000 1.405
21600.000 1.354
21610.000 1.335
21620.000 1.294
21630.000 1.261
21640.000 1.217
21650.000 1.192
21660.000 1.154
21670.000 1.114
21680.000 1.083
21690.000 1.042
21700.000 1.026
21710.000 0.988
21720.000 0.953
21730.000 0.934
21740.000 0.916
21750.000 0.887
21760.000 0.865
21770.000 0.826
21780.000 0.811
21790.000 0.791
21800.000 0.758
21810.000 0.723
21820.000 0.696
21830.000 0.692
21840.000 0.667
21850.000 0.648
21860.000 0.619
21870.000 0.598
21880.000 0.597
21890.000 0.561
21900.000 0.554
21910.000 0.524
21920.000 0.493
21930.000 0.492
21940.000 0.470
21950.000 0.452
21960.000 0.442
21970.000 0.434
21980.000 0.432
21990.000 0.418
22000.000 0.412
