410.000 1.091
420.000 21.161
430.000 26.485
440.000 30.292
450.000 40.833
460.000 47.553
470.000 62.906
480.000 62.175
490.000 74.397
500.000 62.159
510.000 71.797
520.000 47.123
530.000 47.247
540.000 34.787
550.000 25.102
560.000 35.627
570.000 34.936
580.000 28.655
590.000 15.906
600.000 13.039
610.000 12.367
620.000 10.281
630.000 10.315
640.000 8.559
650.000 9.437
660.000 8.263
670.000 6.850
680.000 6.318
690.000 5.888
700.000 5.484
710.000 5.225
720.000 5.053
730.000 4.861
740.000 4.774
750.000 4.463
760.000 4.616
770.000 4.334
780.000 4.286
790.000 4.010
800.000 3.953
810.000 3.971
820.000 3.714
830.000 4.324
840.000 4.114
850.000 4.555
860.000 4.497
870.000 4.862
880.000 4.990
890.000 5.267
900.000 5.720
910.000 5.909
920.000 6.328
930.000 7.638
940.000 10.203
950.000 13.733
960.000 15.174
970.000 11.214
980.000 8.809
990.000 5.479
1000.000 4.498
1010.000 3.727
1020.000 2.562
1030.000 2.605
1040.000 2.049
1050.000 2.142
1060.000 1.857
1070.000 1.468
1080.000 1.415
1090.000 2.615
1100.000 2.613
1110.000 1.625
1120.000 1.246
1130.000 1.340
1140.000 1.275
1150.000 1.175
1160.000 1.209
1170.000 1.363
1180.000 1.324
1190.000 1.396
1200.000 1.430
1210.000 1.507
1220.000 1.641
1230.000 1.754
1240.000 2.273
1250.000 1.929
1260.000 1.961
1270.000 2.145
1280.000 2.315
1290.000 2.611
1300.000 2.843
1310.000 2.932
1320.000 3.317
1330.000 3.674
1340.000 4.315
1350.000 5.089
1360.000 5.589
1370.000 6.950
1380.000 7.754
1390.000 10.593
1400.000 14.131
1410.000 15.759
1420.000 18.748
1430.000 18.725
1440.000 14.828
1450.000 11.190
1460.000 9.976
1470.000 8.077
1480.000 7.451
1490.000 6.450
1500.000 5.679
1510.000 5.378
1520.000 5.097
1530.000 4.821
1540.000 4.584
1550.000 4.293
1560.000 4.434
1570.000 3.942
1580.000 4.327
1590.000 3.894
1600.000 3.708
1610.000 3.667
1620.000 3.534
1630.000 3.682
1640.000 3.544
1650.000 3.499
1660.000 3.441
1670.000 3.376
1680.000 3.327
1690.000 3.277
1700.000 3.332
1710.000 3.603
1720.000 4.140
1730.000 4.540
1740.000 5.370
1750.000 6.153
1760.000 6.812
1770.000 8.114
1780.000 8.844
1790.000 10.422
1800.000 11.547
1810.000 13.957
1820.000 17.692
1830.000 20.152
1840.000 26.246
1850.000 30.407
1860.000 37.915
1870.000 38.518
1880.000 35.205
1890.000 26.908
1900.000 23.507
1910.000 18.830
1920.000 15.506
1930.000 14.504
1940.000 12.848
1950.000 12.092
1960.000 11.044
1970.000 10.016
1980.000 9.729
1990.000 9.060
2000.000 8.846
2010.000 8.399
2020.000 8.133
2030.000 7.947
2040.000 7.636
2050.000 7.604
2060.000 7.385
2070.000 7.297
2080.000 7.243
2090.000 7.313
2100.000 7.288
2110.000 7.272
2120.000 7.312
2130.000 7.480
2140.000 7.509
2150.000 7.701
2160.000 7.878
2170.000 8.284
2180.000 8.513
2190.000 9.142
2200.000 9.429
2210.000 10.388
2220.000 11.623
2230.000 12.525
2240.000 14.848
2250.000 16.416
2260.000 20.980
2270.000 27.809
2280.000 31.493
2290.000 33.335
2300.000 28.875
2310.000 18.399
2320.000 12.819
2330.000 10.888
2340.000 8.380
2350.000 7.451
2360.000 5.922
2370.000 4.971
2380.000 4.594
2390.000 3.959
2400.000 3.700
2410.000 3.173
2420.000 2.840
2430.000 2.657
2440.000 2.381
2450.000 2.302
2460.000 2.095
2470.000 1.877
2480.000 1.811
2490.000 1.694
2500.000 1.611
2510.000 1.488
2520.000 1.408
2530.000 1.323
2540.000 1.282
2550.000 1.242
2560.000 1.191
2570.000 1.102
2580.000 1.157
2590.000 0.980
2600.000 1.024
2610.000 0.945
2620.000 0.906
2630.000 0.904
2640.000 0.906
2650.000 0.874
2660.000 0.816
2670.000 0.797
2680.000 0.831
2690.000 0.824
2700.000 0.805
2710.000 0.736
2720.000 0.726
2730.000 0.740
2740.000 0.749
2750.000 0.696
2760.000 0.676
2770.000 0.685
2780.000 0.678
2790.000 0.654
2800.000 0.694
2810.000 0.731
2820.000 0.679
2830.000 0.719
2840.000 0.730
2850.000 0.717
2860.000 0.711
2870.000 0.659
2880.000 0.713
2890.000 0.751
2900.000 0.756
2910.000 0.757
2920.000 0.779
2930.000 0.798
2940.000 0.797
2950.000 0.794
2960.000 0.814
2970.000 0.862
2980.000 0.861
2990.000 0.890
3000.000 0.928
3010.000 1.068
3020.000 1.040
3030.000 1.111
3040.000 1.162
3050.000 1.105
3060.000 1.291
3070.000 1.309
3080.000 1.346
3090.000 1.454
3100.000 1.499
3110.000 1.618
3120.000 1.693
3130.000 1.819
3140.000 2.083
3150.000 2.162
3160.000 2.355
3170.000 2.504
3180.000 2.824
3190.000 3.215
3200.000 3.419
3210.000 3.968
3220.000 4.282
3230.000 5.040
3240.000 6.004
3250.000 6.700
3260.000 8.314
3270.000 9.458
3280.000 12.540
3290.000 17.383
3300.000 20.779
3310.000 30.326
3320.000 35.344
3330.000 38.948
3340.000 30.142
3350.000 26.300
3360.000 21.042
3370.000 19.377
3380.000 17.100
3390.000 15.915
3400.000 15.494
3410.000 15.000
3420.000 14.988
3430.000 15.227
3440.000 15.508
3450.000 16.407
3460.000 17.915
3470.000 18.852
3480.000 21.674
3490.000 23.585
3500.000 28.765
3510.000 36.530
3520.000 41.414
3530.000 49.733
3540.000 50.054
3550.000 39.903
3560.000 28.526
3570.000 24.538
3580.000 19.020
3590.000 15.499
3600.000 14.225
3610.000 12.137
3620.000 11.408
3630.000 10.103
3640.000 9.146
3650.000 8.744
3660.000 8.100
3670.000 7.822
3680.000 7.346
3690.000 7.074
3700.000 6.936
3710.000 6.749
3720.000 6.619
3730.000 6.552
3740.000 6.509
3750.000 6.533
3760.000 6.617
3770.000 6.725
3780.000 6.884
3790.000 7.179
3800.000 7.333
3810.000 7.765
3820.000 8.021
3830.000 8.722
3840.000 9.720
3850.000 10.343
3860.000 11.837
3870.000 12.911
3880.000 15.753
3890.000 20.301
3900.000 23.434
3910.000 32.004
3920.000 36.557
3930.000 38.034
3940.000 26.421
3950.000 21.756
3960.000 15.752
3970.000 13.811
3980.000 11.013
3990.000 9.194
4000.000 8.542
4010.000 7.360
4020.000 6.902
4030.000 6.254
4040.000 5.959
4050.000 5.461
4060.000 5.060
4070.000 4.940
4080.000 4.720
4090.000 4.554
4100.000 4.409
4110.000 4.294
4120.000 4.222
4130.000 4.158
4140.000 4.137
4150.000 4.127
4160.000 4.130
4170.000 4.222
4180.000 4.312
4190.000 4.354
4200.000 4.486
4210.000 4.657
4220.000 4.792
4230.000 5.096
4240.000 5.267
4250.000 5.623
4260.000 6.124
4270.000 6.460
4280.000 7.523
4290.000 8.151
4300.000 10.073
4310.000 12.915
4320.000 14.712
4330.000 17.812
4340.000 18.110
4350.000 14.798
4360.000 10.701
4370.000 9.282
4380.000 7.233
4390.000 6.534
4400.000 5.438
4410.000 4.696
4420.000 4.377
4430.000 3.905
4440.000 3.696
4450.000 3.384
4460.000 3.142
4470.000 3.067
4480.000 2.907
4490.000 2.804
4500.000 2.699
4510.000 2.650
4520.000 2.623
4530.000 2.605
4540.000 2.605
4550.000 2.657
4560.000 2.699
4570.000 2.712
4580.000 2.835
4590.000 2.930
4600.000 3.114
4610.000 3.263
4620.000 3.525
4630.000 3.855
4640.000 4.070
4650.000 4.609
4660.000 4.928
4670.000 5.717
4680.000 6.875
4690.000 7.567
4700.000 9.643
4710.000 11.007
4720.000 14.352
4730.000 16.664
4740.000 15.654
4750.000 10.494
4760.000 8.426
4770.000 5.900
4780.000 4.462
4790.000 4.000
4800.000 3.373
4810.000 3.122
4820.000 2.831
4830.000 2.670
4840.000 2.617
4850.000 2.578
4860.000 2.587
4870.000 2.583
4880.000 2.702
4890.000 2.676
4900.000 2.894
4910.000 2.967
4920.000 3.233
4930.000 3.425
4940.000 3.625
4950.000 4.039
4960.000 4.293
4970.000 4.833
4980.000 5.640
4990.000 6.167
5000.000 7.421
5010.000 8.295
5020.000 10.584
5030.000 14.007
5040.000 16.008
5050.000 18.767
5060.000 18.162
5070.000 13.347
5080.000 9.418
5090.000 8.103
5100.000 6.165
5110.000 5.469
5120.000 4.420
5130.000 3.597
5140.000 3.287
5150.000 2.757
5160.000 2.557
5170.000 2.196
5180.000 1.885
5190.000 1.778
5200.000 1.509
5210.000 1.422
5220.000 1.246
5230.000 1.089
5240.000 1.012
5250.000 0.920
5260.000 0.843
5270.000 0.814
5280.000 0.690
5290.000 0.716
5300.000 0.643
5310.000 0.645
5320.000 0.560
5330.000 0.529
5340.000 0.531
5350.000 0.516
5360.000 0.466
5370.000 0.446
5380.000 0.387
5390.000 0.361
5400.000 0.379
5410.000 0.317
5420.000 0.272
5430.000 0.283
5440.000 0.241
5450.000 0.200
5460.000 0.218
5470.000 0.174
5480.000 0.176
5490.000 0.201
5500.000 0.190
5510.000 0.179
5520.000 0.158
5530.000 0.148
5540.000 0.204
5550.000 0.172
5560.000 0.203
5570.000 0.186
5580.000 0.186
5590.000 0.164
5600.000 0.186
5610.000 0.172
5620.000 0.140
5630.000 0.175
5640.000 0.171
5650.000 0.168
5660.000 0.174
5670.000 0.195
5680.000 0.145
5690.000 0.138
5700.000 0.204
5710.000 0.166
5720.000 0.170
5730.000 0.174
5740.000 0.158
5750.000 0.164
5760.000 0.173
5770.000 0.119
5780.000 0.183
5790.000 0.139
5800.000 0.141
5810.000 0.112
5820.000 0.106
5830.000 0.103
5840.000 0.082
5850.000 0.096
5860.000 0.087
5870.000 0.065
5880.000 0.059
5890.000 0.065
5900.000 0.090
5910.000 0.099
5920.000 0.076
5930.000 0.080
5940.000 0.116
5950.000 0.143
5960.000 0.142
5970.000 0.154
5980.000 0.118
5990.000 0.176
6000.000 0.167
6010.000 0.187
6020.000 0.174
6030.000 0.199
6040.000 0.181
6050.000 0.205
6060.000 0.209
6070.000 0.217
6080.000 0.239
6090.000 0.220
6100.000 0.228
6110.000 0.237
6120.000 0.212
6130.000 0.240
6140.000 0.223
6150.000 0.285
6160.000 0.238
6170.000 0.287
6180.000 0.267
6190.000 0.300
6200.000 0.320
6210.000 0.283
6220.000 0.349
6230.000 0.312
6240.000 0.353
6250.000 0.373
6260.000 0.379
6270.000 0.499
6280.000 0.487
6290.000 0.558
6300.000 0.634
6310.000 0.582
6320.000 0.638
6330.000 0.674
6340.000 0.722
6350.000 0.810
6360.000 0.863
6370.000 0.996
6380.000 1.068
6390.000 1.190
6400.000 1.353
6410.000 1.473
6420.000 1.697
6430.000 1.816
6440.000 2.103
6450.000 2.474
6460.000 2.764
6470.000 3.359
6480.000 3.729
6490.000 4.709
6500.000 5.999
6510.000 6.968
6520.000 9.281
6530.000 10.948
6540.000 15.300
6550.000 21.161
6560.000 23.848
6570.000 25.871
6580.000 24.838
6590.000 21.619
6600.000 19.204
6610.000 18.399
6620.000 17.554
6630.000 17.386
6640.000 17.645
6650.000 18.683
6660.000 19.397
6670.000 21.845
6680.000 23.558
6690.000 28.438
6700.000 36.595
6710.000 42.655
6720.000 59.639
6730.000 68.835
6740.000 70.823
6750.000 46.630
6760.000 38.166
6770.000 27.992
6780.000 24.787
6790.000 20.269
6800.000 17.367
6810.000 16.240
6820.000 14.631
6830.000 14.005
6840.000 13.093
6850.000 12.442
6860.000 12.238
6870.000 11.935
6880.000 11.848
6890.000 11.815
6900.000 12.035
6910.000 12.234
6920.000 12.692
6930.000 13.062
6940.000 13.944
6950.000 15.311
6960.000 16.100
6970.000 18.294
6980.000 19.726
6990.000 23.811
7000.000 26.268
7010.000 32.817
7020.000 40.657
7030.000 43.783
7040.000 43.415
7050.000 39.422
7060.000 30.205
7070.000 23.381
7080.000 20.880
7090.000 17.257
7100.000 15.820
7110.000 13.792
7120.000 12.166
7130.000 11.637
7140.000 10.597
7150.000 10.177
7160.000 9.557
7170.000 9.070
7180.000 8.917
7190.000 8.639
7200.000 8.508
7210.000 8.405
7220.000 8.446
7230.000 8.507
7240.000 8.623
7250.000 8.737
7260.000 9.083
7270.000 9.606
7280.000 9.920
7290.000 10.815
7300.000 11.290
7310.000 12.594
7320.000 14.585
7330.000 15.781
7340.000 19.184
7350.000 21.538
7360.000 27.867
7370.000 35.619
7380.000 38.606
7390.000 36.076
7400.000 31.130
7410.000 22.291
7420.000 16.838
7430.000 15.025
7440.000 12.308
7450.000 11.286
7460.000 9.720
7470.000 8.634
7480.000 8.173
7490.000 7.409
7500.000 7.098
7510.000 6.628
7520.000 6.288
7530.000 6.135
7540.000 5.912
7550.000 5.866
7560.000 5.750
7570.000 5.653
7580.000 5.700
7590.000 5.768
7600.000 5.848
7610.000 6.037
7620.000 6.336
7630.000 6.562
7640.000 7.033
7650.000 7.359
7660.000 8.197
7670.000 9.390
7680.000 10.196
7690.000 12.261
7700.000 13.687
7710.000 17.325
7720.000 21.321
7730.000 22.451
7740.000 20.052
7750.000 17.393
7760.000 12.765
7770.000 9.792
7780.000 8.822
7790.000 7.167
7800.000 6.676
7810.000 5.769
7820.000 5.151
7830.000 4.867
7840.000 4.438
7850.000 4.316
7860.000 4.039
7870.000 3.896
7880.000 3.879
7890.000 3.816
7900.000 3.809
7910.000 3.858
7920.000 4.021
7930.000 4.079
7940.000 4.484
7950.000 4.677
7960.000 5.396
7970.000 6.418
7980.000 6.978
7990.000 7.773
8000.000 7.671
8010.000 5.986
8020.000 4.094
8030.000 3.309
8040.000 2.316
8050.000 1.955
8060.000 1.733
8070.000 1.673
8080.000 1.524
8090.000 1.123
8100.000 1.013
8110.000 0.752
8120.000 0.613
8130.000 0.559
8140.000 0.467
8150.000 0.607
8160.000 0.651
8170.000 0.565
8180.000 0.508
8190.000 0.428
8200.000 0.402
8210.000 0.335
8220.000 0.326
8230.000 0.311
8240.000 0.267
8250.000 0.276
8260.000 0.236
8270.000 0.235
8280.000 0.240
8290.000 0.202
8300.000 0.225
8310.000 0.184
8320.000 0.144
8330.000 0.189
8340.000 0.149
8350.000 0.114
8360.000 0.146
8370.000 0.131
8380.000 0.132
8390.000 0.114
8400.000 0.146
8410.000 0.164
8420.000 0.119
8430.000 0.118
8440.000 0.130
8450.000 0.125
8460.000 0.099
8470.000 0.141
8480.000 0.119
8490.000 0.122
8500.000 0.124
8510.000 0.094
8520.000 0.128
8530.000 0.096
8540.000 0.092
8550.000 0.106
8560.000 0.100
8570.000 0.088
8580.000 0.114
8590.000 0.076
8600.000 0.111
8610.000 0.086
8620.000 0.096
8630.000 0.067
8640.000 0.092
8650.000 0.092
8660.000 0.110
8670.000 0.111
8680.000 0.113
8690.000 0.079
8700.000 0.095
8710.000 0.077
8720.000 0.085
8730.000 0.071
8740.000 0.081
8750.000 0.120
8760.000 0.089
8770.000 0.061
8780.000 0.075
8790.000 0.134
8800.000 0.098
8810.000 0.125
8820.000 0.134
8830.000 0.136
8840.000 0.150
8850.000 0.139
8860.000 0.148
8870.000 0.108
8880.000 0.108
8890.000 0.077
8900.000 0.093
8910.000 0.051
8920.000 0.098
8930.000 0.075
8940.000 0.111
8950.000 0.106
8960.000 0.129
8970.000 0.116
8980.000 0.121
8990.000 0.113
9000.000 0.158
9010.000 0.152
9020.000 0.199
9030.000 0.178
9040.000 0.157
9050.000 0.099
9060.000 0.093
9070.000 0.102
9080.000 0.119
9090.000 0.119
9100.000 0.101
9110.000 0.083
9120.000 0.040
9130.000 0.065
9140.000 0.110
9150.000 0.100
9160.000 0.150
9170.000 0.131
9180.000 0.147
9190.000 0.148
9200.000 0.129
9210.000 0.166
9220.000 0.182
9230.000 0.130
9240.000 0.154
9250.000 0.189
9260.000 0.161
9270.000 0.197
9280.000 0.209
9290.000 0.162
9300.000 0.180
9310.000 0.203
9320.000 0.204
9330.000 0.188
9340.000 0.242
9350.000 0.247
9360.000 0.260
9370.000 0.278
9380.000 0.305
9390.000 0.334
9400.000 0.321
9410.000 0.317
9420.000 0.353
9430.000 0.425
9440.000 0.417
9450.000 0.435
9460.000 0.516
9470.000 0.510
9480.000 0.575
9490.000 0.653
9500.000 0.742
9510.000 0.860
9520.000 0.902
9530.000 1.040
9540.000 1.165
9550.000 1.332
9560.000 1.649
9570.000 1.790
9580.000 2.098
9590.000 2.270
9600.000 2.550
9610.000 2.615
9620.000 2.777
9630.000 2.695
9640.000 2.629
9650.000 2.508
9660.000 2.354
9670.000 2.335
9680.000 2.204
9690.000 2.150
9700.000 2.152
9710.000 2.147
9720.000 2.108
9730.000 2.190
9740.000 2.186
9750.000 2.239
9760.000 2.304
9770.000 2.355
9780.000 2.508
9790.000 2.545
9800.000 2.795
9810.000 3.055
9820.000 3.182
9830.000 3.517
9840.000 3.754
9850.000 4.281
9860.000 5.008
9870.000 5.420
9880.000 6.536
9890.000 7.260
9900.000 9.212
9910.000 12.065
9920.000 14.062
9930.000 19.407
9940.000 22.445
9950.000 25.823
9960.000 24.411
9970.000 19.066
9980.000 15.093
9990.000 13.757
10000.000 11.891
10010.000 10.684
10020.000 10.284
10030.000 9.720
10040.000 9.508
10050.000 9.375
10060.000 9.403
10070.000 9.522
10080.000 9.871
10090.000 10.158
10100.000 10.882
10110.000 11.912
10120.000 12.665
10130.000 14.453
10140.000 15.658
10150.000 18.710
10160.000 22.824
10170.000 25.120
10180.000 28.686
10190.000 29.055
10200.000 25.778
10210.000 20.561
10220.000 18.324
10230.000 14.839
10240.000 13.538
10250.000 11.584
10260.000 10.136
10270.000 9.609
10280.000 8.714
10290.000 8.375
10300.000 7.849
10310.000 7.424
10320.000 7.285
10330.000 7.086
10340.000 7.053
10350.000 7.001
10360.000 7.037
10370.000 7.109
10380.000 7.299
10390.000 7.447
10400.000 7.840
10410.000 8.402
10420.000 8.705
10430.000 9.721
10440.000 10.302
10450.000 11.884
10460.000 14.117
10470.000 15.540
10480.000 19.106
10490.000 21.156
10500.000 24.535
10510.000 24.071
10520.000 22.187
10530.000 17.524
10540.000 15.561
10550.000 12.309
10560.000 11.168
10570.000 9.552
10580.000 8.482
10590.000 8.150
10600.000 7.515
10610.000 7.209
10620.000 6.568
10630.000 6.175
10640.000 5.996
10650.000 5.719
10660.000 5.631
10670.000 5.558
10680.000 5.532
10690.000 5.568
10700.000 5.623
10710.000 5.647
10720.000 5.845
10730.000 6.125
10740.000 6.367
10750.000 6.900
10760.000 7.220
10770.000 8.081
10780.000 9.279
10790.000 9.964
10800.000 11.294
10810.000 11.803
10820.000 12.224
10830.000 11.939
10840.000 11.629
10850.000 10.399
10860.000 9.545
10870.000 7.903
10880.000 6.582
10890.000 6.093
10900.000 5.248
10910.000 4.954
10920.000 4.445
10930.000 4.003
10940.000 3.845
10950.000 3.579
10960.000 3.458
10970.000 3.373
10980.000 3.221
10990.000 3.295
11000.000 3.321
11010.000 3.352
11020.000 3.524
11030.000 3.734
11040.000 3.892
11050.000 4.305
11060.000 4.584
11070.000 5.196
11080.000 5.607
11090.000 5.625
11100.000 4.885
11110.000 4.257
11120.000 3.198
11130.000 2.421
11140.000 2.102
11150.000 1.626
11160.000 1.461
11170.000 1.189
11180.000 1.111
11190.000 0.923
11200.000 0.784
11210.000 0.750
11220.000 0.640
11230.000 0.590
11240.000 0.537
11250.000 0.486
11260.000 0.477
11270.000 0.410
11280.000 0.391
11290.000 0.367
11300.000 0.343
11310.000 0.327
11320.000 0.311
11330.000 0.301
11340.000 0.280
11350.000 0.239
11360.000 0.258
11370.000 0.227
11380.000 0.238
11390.000 0.219
11400.000 0.220
11410.000 0.213
11420.000 0.213
11430.000 0.200
11440.000 0.208
11450.000 0.155
11460.000 0.168
11470.000 0.169
11480.000 0.166
11490.000 0.158
11500.000 0.157
11510.000 0.163
11520.000 0.173
11530.000 0.113
11540.000 0.129
11550.000 0.135
11560.000 0.171
11570.000 0.103
11580.000 0.146
11590.000 0.149
11600.000 0.122
11610.000 0.123
11620.000 0.110
11630.000 0.143
11640.000 0.114
11650.000 0.136
11660.000 0.121
11670.000 0.143
11680.000 0.143
11690.000 0.108
11700.000 0.111
11710.000 0.121
11720.000 0.119
11730.000 0.104
11740.000 0.131
11750.000 0.114
11760.000 0.146
11770.000 0.157
11780.000 0.131
11790.000 0.123
11800.000 0.124
11810.000 0.127
11820.000 0.149
11830.000 0.132
11840.000 0.117
11850.000 0.136
11860.000 0.135
11870.000 0.171
11880.000 0.256
11890.000 0.150
11900.000 0.138
11910.000 0.152
11920.000 0.157
11930.000 0.144
11940.000 0.141
11950.000 0.149
11960.000 0.175
11970.000 0.163
11980.000 0.182
11990.000 0.192
12000.000 0.197
